551
2
date -9999
head -9999
19690124 -201
19690128 -208
19690214 -197
19690228 -204
19690314 -180
19690328 -215
19690428 -207
19690514 -208
19690528 -206
19690616 -212
19690628 -216
19690714 -217
19690727 -222
19690814 -226
19690828 -207
19690915 -215
19690929 -218
19691014 -225
19691027 -222
19691114 -192
19691128 -194
19691215 -195
19691230 -210
19700114 -190
19700128 -200
19700214 -205
19700227 -198
19700313 -213
19700326 -212
19700414 -201
19700428 -206
19700514 -212
19700529 -219
19700615 -219
19700629 -217
19700714 -214
19700728 -206
19700814 -213
19700915 -203
19700928 -218
19701015 -216
19701030 -190
19701116 -209
19701127 -229
19701214 -236
19701230 -249
19710113 -246
19710128 -202
19710216 -200
19710301 -228
19710315 -218
19710331 -215
19710416 -219
19710428 -224
19710514 -218
19710529 -218
19710616 -216
19710713 -223
19710729 -211
19710814 -212
19710828 -217
19710915 -228
19710929 -220
19711014 -220
19711028 -223
19711115 -223
19711130 -194
19711215 -211
19711229 -207
19720115 -217
19720128 -196
19720214 -193
19720301 -211
19720314 -205
19720330 -219
19720413 -211
19720503 -228
19720515 -230
19720530 -222
19720628 -237
19720715 -224
19720731 -226
19720816 -227
19720829 -239
19720915 -229
19720929 -237
19721014 -242
19721027 -225
19721115 -197
19721129 -204
19721215 -210
19721228 -217
19730116 -222
19730129 -210
19730228 -205
19730314 -213
19730330 -220
19730427 -217
19730515 -218
19730529 -206
19730628 -222
19730713 -222
19730728 -215
19730815 -225
19730828 -234
19730915 -245
19730929 -219
19731014 -217
19731029 -197
19731115 -197
19731228 -199
19740114 -196
19740129 -199
19740214 -199
19740228 -206
19740314 -193
19740329 -205
19740417 -217
19740430 -208
19740516 -216
19740528 -217
19740714 -206
19740728 -209
19740814 -214
19740828 -219
19740914 -199
19740928 -178
19741011 -178
19741028 -177
19741114 -182
19741128 -189
19741214 -175
19741228 -197
19750114 -230
19750128 -220
19750214 -239
19750228 -242
19750314 -216
19750328 -211
19750414 -222
19750428 -231
19750613 -230
19750626 -232
19750714 -240
19750728 -241
19750815 -242
19750828 -246
19750915 -242
19750929 -225
19751014 -231
19751028 -238
19751114 -237
19751128 -218
19751215 -197
19751229 -196
19760114 -225
19760128 -244
19760214 -256
19760228 -257
19760314 -255
19760328 -267
19760414 -267
19760428 -269
19760514 -277
19760528 -278
19760614 -280
19760628 -289
19760714 -272
19760728 -271
19760814 -274
19760828 -274
19760914 -215
19760928 -214
19761015 -215
19761029 -211
19761115 -215
19761129 -202
19761214 -197
19761228 -191
19770114 -187
19770128 -184
19770215 -192
19770228 -197
19770315 -252
19770329 -265
19770414 -270
19770428 -282
19770514 -266
19770527 -265
19770614 -292
19770628 -295
19770714 -222
19770728 -221
19770815 -218
19770829 -202
19770914 -215
19770928 -214
19771014 -206
19771028 -205
19771114 -172
19771128 -220
19771214 -212
19771228 -213
19780113 -224
19780127 -234
19780213 -239
19780227 -246
19780314 -254
19780328 -251
19780414 -258
19780428 -261
19780528 -267
19780614 -268
19780627 -265
19780714 -262
19780728 -263
19780814 -269
19780828 -275
19780914 -267
19780928 -270
19781013 -270
19781027 -251
19781114 -265
19781128 -266
19781215 -168
19781228 -204
19790115 -184
19790129 -187
19790214 -169
19790228 -213
19790314 -209
19790328 -204
19790413 -253
19790428 -247
19790514 -255
19790528 -257
19790614 -259
19790628 -265
19790713 -277
19790727 -287
19790814 -282
19790828 -292
19790914 -303
19790928 -306
19791015 -251
19791029 -252
19791115 -230
19791128 -255
19791214 -194
19791228 -192
19800114 -237
19800129 -223
19800215 -211
19800229 -247
19800314 -226
19800328 -230
19800414 -242
19800428 -251
19800514 -253
19800528 -251
19800613 -253
19800627 -256
19800714 -233
19800728 -247
19800815 -255
19800828 -257
19800915 -251
19800927 -257
19801014 -213
19801028 -189
19801114 -185
19801128 -183
19801215 -181
19801229 -182
19810114 -180
19810127 -184
19810213 -214
19810227 -257
19810313 -222
19810327 -234
19810415 -257
19810429 -259
19810514 -264
19810528 -255
19810615 -259
19810629 -260
19810714 -265
19810728 -287
19810814 -264
19810828 -277
19810914 -293
19810928 -218
19811014 -200
19811028 -178
19811114 -186
19811128 -167
19811214 -191
19811228 -194
19820115 -207
19820128 -187
19820315 -245
19820329 -252
19820414 -254
19820428 -257
19820514 -264
19820528 -260
19820614 -246
19820628 -249
19820714 -254
19820728 -265
19820814 -265
19820828 -263
19820915 -252
19820928 -237
19821014 -188
19821029 -197
19821115 -186
19821129 -188
19821214 -183
19821228 -188
19830114 -189
19830128 -190
19830215 -197
19830228 -177
19830314 -202
19830328 -175
19830414 -180
19830428 -177
19830514 -192
19830528 -202
19830614 -252
19830628 -253
19830714 -272
19830728 -277
19830815 -257
19830829 -269
19830914 -217
19830928 -271
19831014 -230
19831028 -221
19831114 -217
19831128 -197
19831214 -192
19831228 -180
19840114 -192
19840128 -184
19840214 -197
19840228 -237
19840314 -247
19840328 -222
19840414 -284
19840428 -297
19840514 -261
19840529 -257
19840614 -203
19840628 -218
19840714 -205
19840727 -217
19840814 -229
19840828 -257
19840914 -235
19840928 -197
19841015 -199
19841029 -183
19841114 -183
19841128 -191
19841214 -202
19841228 -187
19850114 -203
19850128 -179
19850214 -211
19850228 -210
19850314 -217
19850328 -197
19850415 -204
19850427 -209
19850514 -202
19850528 -214
19850614 -184
19850628 -199
19850714 -233
19850728 -230
19850815 -225
19850828 -215
19850914 -217
19850928 -222
19851014 -232
19851028 -253
19851114 -186
19851128 -183
19851214 -183
19851228 -182
19860114 -172
19860128 -182
19860214 -237
19860228 -247
19860314 -253
19860328 -199
19860414 -205
19860428 -189
19860514 -212
19860528 -220
19860616 -219
19860630 -239
19860714 -232
19860728 -238
19860814 -269
19860828 -252
19860915 -247
19860929 -252
19861014 -239
19861028 -201
19861114 -237
19861128 -227
19861215 -243
19861229 -251
19870114 -262
19870128 -267
19870214 -240
19870228 -248
19870313 -271
19870327 -247
19870414 -251
19870428 -272
19870514 -272
19870520 -275
19870528 -271
19870614 -272
19870628 -270
19870714 -269
19870728 -268
19870814 -297
19870828 -304
19870914 -283
19870928 -275
19871014 -225
19871028 -205
19871114 -197
19871128 -207
19871214 -257
19871228 -257
19880114 -207
19880127 -200
19880214 -207
19880228 -210
19880315 -227
19880329 -245
19880414 -248
19880428 -267
19880514 -287
19880528 -302
19880614 -283
19880628 -277
19880714 -273
19880728 -301
19880815 -292
19880829 -323
19880914 -303
19880928 -289
19881014 -202
19881028 -207
19881114 -214
19881128 -202
19881214 -214
19881228 -223
19890114 -239
19890128 -243
19890214 -244
19890228 -181
19890314 -179
19890328 -197
19890414 -179
19890428 -202
19890513 -207
19890527 -257
19890614 -324
19890629 -290
19890714 -284
19890728 -285
19890814 -307
19890828 -287
19890914 -269
19890928 -305
19891014 -247
19891029 -227
19891114 -209
19891128 -205
19891214 -189
19891228 -197
19900115 -252
19900129 -283
19900214 -187
19900228 -189
19900314 -219
19900328 -229
19900414 -229
19900428 -237
19900514 -245
19900528 -262
19900614 -249
19900628 -270
19900714 -277
19900727 -297
19901015 -237
19901029 -223
19901114 -207
19901128 -200
19901214 -202
19901228 -202
19910114 -202
19910128 -232
19910214 -212
19910228 -218
19910314 -222
19910328 -237
19910415 -222
19910429 -238
19910514 -240
19910528 -242
19910614 -217
19910628 -187
19910715 -205
19910729 -224
19910815 -235
19910828 -267
19910914 -267
19910928 -257
19911014 -244
19911028 -252
19911114 -192
19911128 -212
19911213 -237
19911228 -232
19920114 -229
19920128 -242
19920214 -225
19920228 -239
19920314 -202
19920328 -207
19920514 -222
19920527 -272
19920714 -262
19920728 -272
19920914 -252
19920928 -262
19921014 -252
19921028 -192
19921113 -212
19921127 -222
19921214 -227
19921228 -239
