52
2
date -9999
head -9999
19990215 -398
19990315 -357
19990406 -359
19990414 -355
19990428 -364
19990517 -365
19990527 -368
19990613 -369
19990628 -368
19990828 -402
19991028 -368
19991115 -368
20001026 -370
20001117 -360
20001129 -356
20001218 -360
20010102 -355
20010115 -360
20010219 -361
20010302 -355
20010409 -363
20010417 -364
20010427 -363
20010518 -365
20010601 -367
20010614 -372
20010718 -369
20010730 -377
20010816 -367
20010828 -370
20010928 -355
20011101 -367
20011114 -364
20011130 -360
20020128 -356
20020218 -358
20020228 -351
20020328 -360
20020418 -365
20020501 -365
20020530 -372
20020611 -370
20020717 -372
20020801 -373
20020814 -375
20020927 -370
20021114 -355
20021202 -359
20030115 -357
20030319 -367
20030401 -367
20030804 -382
