1263
2
date -9999
head -9999
19520901 -219
19520902 -220
19520903 -221
19520904 -217
19520905 -211
19520906 -213
19520907 -214
19520908 -214
19520909 -215
19520910 -216
19520911 -216
19520912 -217
19520913 -218
19520914 -219
19520915 -220
19520916 -221
19520917 -221
19520918 -221
19520919 -219
19520920 -194
19520921 -193
19520922 -191
19520923 -197
19520924 -200
19520925 -185
19520926 -182
19520927 -185
19520928 -182
19520929 -181
19520930 -185
19521001 -182
19521002 -182
19521003 -184
19521004 -186
19521005 -187
19521006 -189
19521007 -185
19521008 -186
19521009 -190
19521010 -189
19521011 -187
19521012 -191
19521013 -193
19521014 -179
19521015 -183
19521016 -180
19521017 -184
19521018 -187
19521019 -189
19521020 -191
19521021 -192
19521022 -194
19521023 -194
19521024 -194
19521025 -190
19521026 -188
19521027 -190
19521028 -192
19521029 -184
19521030 -187
19521031 -178
19521101 -183
19521102 -182
19521103 -179
19521104 -181
19521105 -180
19521106 -182
19521107 -177
19521108 -177
19521109 -178
19521110 -177
19521111 -178
19521112 -180
19521113 -182
19521114 -182
19521115 -184
19521116 -183
19521117 -184
19521118 -186
19521119 -187
19521120 -187
19521121 -184
19521122 -182
19521123 -184
19521124 -180
19521125 -185
19521126 -188
19521127 -190
19521128 -185
19521129 -188
19521130 -192
19521201 -194
19521202 -197
19521203 -200
19521204 -191
19521205 -193
19521206 -187
19521207 -187
19521208 -188
19521209 -193
19521210 -197
19521211 -200
19521212 -184
19521213 -184
19521214 -185
19521215 -182
19521216 -184
19521217 -166
19521218 -178
19521219 -184
19521220 -174
19521221 -177
19521222 -181
19521223 -175
19521224 -173
19521225 -179
19521226 -172
19521227 -180
19521228 -183
19521229 -184
19521230 -186
19521231 -190
19530101 -190
19530102 -190
19530103 -192
19530104 -193
19530105 -194
19530106 -196
19530107 -198
19530108 -201
19530109 -202
19530110 -201
19530111 -195
19530112 -195
19530113 -200
19530114 -204
19530115 -205
19530116 -204
19530117 -196
19530118 -185
19530119 -189
19530120 -187
19530121 -190
19530122 -191
19530123 -192
19530124 -194
19530125 -193
19530126 -194
19530127 -194
19530211 -164
19530212 -174
19530213 -178
19530214 -182
19530215 -188
19530216 -190
19530217 -188
19530218 -176
19530219 -180
19530220 -182
19530221 -185
19530222 -186
19530223 -188
19530224 -190
19530225 -191
19530226 -194
19530227 -196
19530228 -197
19530301 -199
19530302 -201
19530303 -201
19530304 -203
19530305 -203
19530306 -204
19530307 -204
19530308 -207
19530309 -208
19530310 -209
19530311 -210
19530312 -210
19530313 -210
19530314 -209
19530315 -210
19530316 -210
19530317 -211
19530318 -211
19530319 -212
19530320 -212
19530321 -213
19530322 -213
19530323 -214
19530324 -215
19530325 -215
19530326 -215
19530327 -215
19530328 -215
19530329 -214
19530330 -213
19530331 -213
19530401 -214
19530402 -214
19530403 -212
19530404 -183
19530405 -188
19530406 -188
19530407 -189
19530408 -192
19530409 -193
19530410 -196
19530411 -197
19530412 -199
19530413 -199
19530414 -201
19530415 -192
19530416 -194
19530417 -196
19530418 -198
19530419 -200
19530420 -202
19530421 -204
19530422 -205
19530423 -206
19530424 -207
19530425 -208
19530426 -209
19530427 -209
19530428 -203
19530429 -204
19530430 -205
19530501 -207
19530502 -209
19530503 -210
19530504 -211
19530505 -212
19530506 -212
19530507 -213
19530508 -214
19530509 -214
19530510 -215
19530511 -215
19530512 -216
19530513 -216
19530514 -216
19530515 -217
19530516 -217
19530517 -217
19530518 -218
19530519 -218
19530520 -219
19530521 -219
19530522 -219
19530523 -219
19530524 -220
19530525 -220
19530526 -220
19530527 -220
19530528 -220
19530529 -221
19530530 -220
19530531 -217
19530601 -215
19530602 -212
19530603 -192
19530604 -197
19530605 -202
19530606 -205
19530607 -206
19530608 -207
19530609 -207
19530610 -207
19530611 -202
19530612 -204
19530613 -205
19530614 -187
19530615 -185
19530616 -190
19530617 -193
19530618 -195
19530619 -187
19530620 -191
19530621 -194
19530622 -197
19530623 -197
19530624 -197
19530625 -196
19530626 -186
19530627 -187
19530628 -191
19530629 -195
19530630 -197
19530701 -199
19530702 -201
19530703 -203
19530704 -205
19530705 -207
19530706 -208
19530707 -207
19530708 -209
19530709 -209
19530710 -203
19530711 -206
19530712 -204
19530713 -203
19530714 -189
19530715 -194
19530716 -196
19530717 -198
19530718 -199
19530719 -200
19530720 -203
19530721 -204
19530722 -205
19530723 -206
19530724 -209
19530725 -210
19530726 -211
19530727 -212
19530728 -213
19530729 -214
19530730 -215
19530731 -214
19530801 -199
19530802 -204
19530803 -208
19530804 -211
19530805 -212
19530806 -213
19530807 -214
19530808 -215
19530809 -216
19530810 -217
19530811 -218
19530812 -219
19530813 -219
19530814 -220
19530815 -220
19530816 -219
19530817 -218
19530818 -219
19530819 -220
19530820 -221
19530821 -221
19530822 -181
19530823 -190
19530824 -191
19530825 -179
19530826 -186
19530827 -190
19530828 -194
19530829 -196
19530830 -180
19530831 -184
19530901 -195
19530902 -198
19530903 -200
19530904 -201
19530905 -204
19530906 -206
19530907 -208
19530908 -210
19530909 -210
19530910 -211
19530911 -210
19530912 -209
19530913 -212
19530914 -214
19530915 -215
19530916 -216
19530917 -217
19530918 -217
19530919 -217
19530920 -217
19530921 -218
19530922 -210
19530923 -190
19530924 -188
19530925 -194
19530926 -198
19530927 -201
19530928 -203
19530929 -205
19530930 -208
19531001 -210
19531002 -211
19531003 -212
19531004 -213
19531005 -214
19531006 -215
19531007 -215
19531008 -216
19531009 -217
19531010 -218
19531011 -218
19531012 -218
19531013 -218
19531014 -219
19531015 -220
19531016 -221
19531017 -222
19531018 -223
19531019 -224
19531020 -224
19531021 -224
19531022 -224
19531023 -224
19531024 -223
19531025 -223
19531026 -223
19531027 -223
19531028 -224
19531029 -225
19531030 -225
19531031 -226
19531101 -225
19531102 -224
19531103 -223
19531104 -222
19531105 -222
19531106 -221
19531107 -222
19531108 -221
19531109 -220
19531110 -222
19531111 -222
19531112 -223
19531113 -222
19531114 -220
19531115 -218
19531116 -219
19531117 -219
19531118 -219
19531119 -219
19531120 -219
19531121 -220
19531122 -220
19531123 -220
19531124 -221
19531125 -221
19531126 -220
19531127 -220
19531128 -219
19531129 -219
19531130 -219
19531201 -220
19531202 -220
19531203 -220
19531204 -218
19531205 -218
19531206 -219
19531207 -221
19531208 -220
19531209 -221
19531210 -219
19531211 -218
19531212 -217
19531213 -218
19531214 -217
19531215 -217
19531216 -217
19531217 -217
19531218 -216
19531219 -215
19531220 -190
19531221 -197
19531222 -198
19531223 -200
19531224 -200
19531225 -196
19531226 -195
19531227 -183
19531228 -181
19531229 -182
19531230 -188
19531231 -188
19540101 -194
19540102 -194
19540103 -193
19540104 -188
19540105 -192
19540106 -196
19540107 -201
19540108 -204
19540109 -207
19540110 -189
19540111 -181
19540112 -183
19540113 -186
19540114 -179
19540115 -181
19540116 -184
19540117 -188
19540118 -190
19540119 -192
19540120 -185
19540121 -175
19540122 -191
19540123 -193
19540124 -205
19540125 -192
19540126 -200
19540127 -209
19540128 -212
19540129 -215
19540130 -218
19540131 -221
19540201 -223
19540202 -225
19540203 -228
19540204 -230
19540205 -232
19540206 -233
19540207 -234
19540208 -236
19540209 -236
19540210 -235
19540211 -234
19540212 -234
19540213 -233
19540214 -220
19540215 -221
19540216 -226
19540217 -227
19540218 -226
19540219 -224
19540220 -225
19540221 -222
19540222 -220
19540223 -207
19540224 -197
19540225 -200
19540226 -195
19540227 -194
19540228 -193
19540301 -197
19540302 -201
19540303 -199
19540304 -188
19540305 -191
19540306 -192
19540307 -188
19540308 -187
19540309 -190
19540310 -194
19540311 -196
19540312 -198
19540313 -199
19540314 -201
19540315 -203
19540316 -204
19540317 -205
19540318 -206
19540319 -206
19540320 -207
19540321 -207
19540322 -208
19540323 -210
19540324 -211
19540325 -213
19540326 -210
19540327 -209
19540328 -211
19540329 -209
19540330 -208
19540331 -209
19540401 -209
19540402 -210
19540403 -199
19540404 -201
19540405 -202
19540406 -206
19540407 -210
19540408 -212
19540409 -214
19540410 -216
19540411 -217
19540412 -218
19540413 -220
19540414 -221
19540415 -221
19540416 -223
19540417 -224
19540418 -225
19540419 -226
19540420 -226
19540421 -227
19540422 -228
19540423 -228
19540424 -228
19540425 -229
19540426 -229
19540427 -229
19540428 -230
19540429 -231
19540430 -230
19540501 -230
19540502 -230
19540503 -229
19540504 -228
19540505 -228
19540506 -229
19540507 -231
19540508 -233
19540509 -232
19540510 -233
19540511 -233
19540512 -233
19540513 -233
19540514 -234
19540515 -234
19540516 -234
19540517 -235
19540518 -235
19540519 -235
19540520 -235
19540521 -235
19540522 -233
19540523 -231
19540524 -230
19540525 -229
19540526 -229
19540527 -230
19540528 -230
19540529 -231
19540530 -229
19540531 -228
19540601 -228
19540602 -228
19540603 -228
19540604 -229
19540605 -230
19540606 -230
19540607 -231
19540608 -231
19540609 -230
19540610 -227
19540611 -228
19540612 -229
19540613 -229
19540614 -206
19540615 -214
19540616 -218
19540617 -220
19540618 -220
19540619 -221
19540620 -213
19540621 -217
19540622 -218
19540623 -220
19540624 -221
19540625 -221
19540626 -222
19540627 -218
19540628 -219
19540629 -221
19540630 -222
19540701 -223
19540702 -224
19540703 -224
19540704 -225
19540705 -225
19540706 -226
19540707 -224
19540708 -224
19540709 -225
19540710 -226
19540711 -226
19540712 -227
19540713 -228
19540714 -229
19540715 -229
19540716 -229
19540717 -229
19540718 -190
19540719 -199
19540720 -206
19540721 -210
19540722 -212
19540723 -214
19540724 -215
19540725 -215
19540726 -190
19540727 -195
19540728 -200
19540729 -192
19540730 -199
19540731 -203
19540801 -206
19540802 -208
19540803 -210
19540804 -211
19540805 -213
19540806 -215
19540807 -200
19540808 -197
19540809 -200
19540810 -197
19540811 -191
19540812 -197
19540813 -192
19540814 -194
19540815 -198
19540816 -202
19540817 -201
19540818 -203
19540819 -206
19540820 -206
19540821 -204
19540822 -206
19540823 -207
19540824 -187
19540825 -191
19540826 -198
19540827 -203
19540828 -206
19540829 -208
19540830 -210
19540831 -213
19540901 -215
19540902 -217
19540903 -218
19540904 -220
19540905 -218
19540906 -218
19540907 -219
19540908 -219
19540909 -219
19540910 -221
19540911 -221
19540912 -221
19540913 -221
19540914 -221
19540915 -221
19540916 -221
19540917 -221
19540918 -221
19540919 -222
19540920 -223
19540921 -222
19540922 -221
19540923 -222
19540924 -222
19540925 -207
19540926 -211
19540927 -204
19540928 -207
19540929 -200
19540930 -203
19541001 -194
19541002 -198
19541003 -201
19541004 -204
19541005 -203
19541006 -185
19541007 -185
19541008 -195
19541009 -193
19541010 -197
19541011 -197
19541012 -201
19541013 -203
19541014 -203
19541015 -202
19541016 -205
19541017 -201
19541018 -203
19541019 -199
19541020 -201
19541021 -205
19541022 -204
19541023 -193
19541024 -197
19541025 -193
19541026 -197
19541027 -199
19541028 -192
19541029 -195
19541030 -193
19541031 -193
19541101 -196
19541102 -199
19541103 -200
19541104 -198
19541105 -201
19541106 -203
19541107 -197
19541108 -189
19541109 -189
19541110 -193
19541111 -191
19541112 -194
19541113 -195
19541114 -191
19541115 -189
19541116 -192
19541117 -188
19541118 -193
19541119 -197
19541120 -199
19541121 -201
19541122 -201
19541123 -201
19541124 -199
19541125 -199
19541126 -196
19541127 -194
19541128 -193
19541129 -195
19541130 -191
19541201 -193
19541202 -197
19541203 -200
19541204 -201
19541205 -203
19541206 -201
19541207 -195
19541208 -197
19541209 -191
19541210 -195
19541211 -199
19541212 -198
19541213 -189
19541214 -186
19541215 -189
19541216 -194
19541217 -197
19541218 -199
19541219 -200
19541220 -200
19541221 -201
19541222 -195
19541223 -191
19541224 -185
19541225 -187
19541226 -185
19541227 -191
19541228 -193
19541229 -196
19541230 -198
19541231 -200
19550101 -202
19550102 -203
19550103 -205
19550104 -207
19550105 -209
19550106 -211
19550107 -213
19550108 -216
19550109 -217
19550110 -225
19550111 -205
19550112 -204
19550113 -209
19550114 -211
19550115 -213
19550116 -201
19550117 -190
19550118 -193
19550119 -195
19550120 -197
19550121 -202
19550122 -191
19550123 -189
19550124 -194
19550125 -197
19550126 -193
19550127 -195
19550128 -195
19550129 -187
19550130 -190
19550131 -189
19550201 -190
19550202 -193
19550203 -185
19550204 -187
19550205 -183
19550206 -187
19550207 -191
19550208 -183
19550209 -188
19550210 -188
19550211 -191
19550212 -189
19550213 -187
19550214 -191
19550215 -189
19550216 -193
19550217 -189
19550218 -193
19550219 -196
19550220 -197
19550221 -200
19550222 -203
19550223 -205
19550224 -207
19550225 -209
19550226 -211
19550227 -213
19550228 -217
19550301 -218
19550302 -220
19550303 -221
19550304 -221
19550305 -213
19550306 -205
19550307 -203
19550308 -205
19550309 -207
19550310 -210
19550311 -210
19550312 -212
19550313 -213
19550314 -214
19550315 -209
19550316 -201
19550317 -197
19550318 -199
19550319 -198
19550320 -195
19550321 -193
19550322 -196
19550323 -193
19550324 -190
19550325 -194
19550326 -193
19550327 -196
19550328 -199
19550329 -202
19550330 -205
19550331 -206
19550401 -207
19550402 -209
19550403 -210
19550404 -210
19550405 -211
19550406 -211
19550407 -212
19550408 -213
19550409 -207
19550410 -207
19550411 -202
19550412 -206
19550413 -208
19550414 -210
19550415 -212
19550416 -214
19550417 -216
19550418 -217
19550419 -218
19550420 -218
19550421 -219
19550422 -220
19550423 -220
19550424 -221
19550425 -222
19550426 -222
19550427 -223
19550428 -223
19550429 -224
19550430 -224
19550501 -224
19550502 -223
19550503 -223
19550504 -223
19550505 -224
19550506 -225
19550507 -224
19550508 -224
19550509 -223
19550510 -223
19550511 -224
19550512 -225
19550513 -225
19550514 -225
19550515 -222
19550516 -221
19550517 -221
19550518 -196
19550519 -203
19550520 -206
19550521 -207
19550522 -209
19550523 -211
19550524 -212
19550525 -213
19550526 -214
19550527 -214
19550528 -215
19550529 -217
19550530 -218
19550531 -219
19550601 -220
19550602 -220
19550603 -222
19550604 -222
19550605 -223
19550606 -224
19550607 -225
19550608 -225
19550609 -225
19550610 -226
19550611 -227
19550612 -228
19550613 -220
19550614 -222
19550615 -223
19550616 -223
19550617 -223
19550618 -224
19550619 -224
19550620 -224
19550621 -225
19550622 -226
19550623 -227
19550624 -227
19550625 -227
19550626 -229
19550627 -230
19550628 -230
19550629 -231
19550630 -228
19550701 -228
19550702 -227
19550703 -228
19550704 -229
19550705 -229
19550706 -229
19550707 -230
19550708 -231
19550709 -232
19550710 -232
19550711 -232
19550712 -233
19550713 -233
19550714 -233
19550715 -233
19550716 -234
19550717 -235
19550718 -202
19550719 -203
19550720 -210
19550721 -215
19550722 -217
19550723 -218
19550724 -220
19550725 -221
19550726 -222
19550727 -223
19550728 -225
19550729 -219
19550730 -221
19550731 -223
19550801 -223
19550802 -224
19550803 -210
19550804 -210
19550805 -215
19550806 -217
19550807 -217
19550808 -217
19550809 -209
19550810 -207
19550811 -211
19550812 -214
19550813 -200
19550814 -205
19550815 -207
19550816 -209
19550817 -212
19550818 -214
19550819 -216
19550820 -218
19550821 -219
19550822 -220
19550823 -221
19550824 -223
19550825 -224
19550826 -225
19550827 -224
19550828 -225
19550829 -226
19550830 -226
19550831 -227
19550901 -228
19550902 -229
19550903 -230
19550904 -231
19550905 -232
19550906 -229
19550907 -230
19550908 -231
19550909 -232
19550910 -231
19550911 -232
19550912 -233
19550913 -229
19550914 -191
19550915 -190
19550916 -191
19550917 -192
19550918 -201
19550919 -205
19550920 -208
19550921 -210
19550922 -212
19550923 -213
19550924 -214
19550925 -216
19550926 -216
19550927 -217
19550928 -211
19550929 -204
19550930 -209
19551001 -209
19551002 -211
19551003 -212
19551004 -213
19551005 -204
19551006 -190
19551007 -185
19551008 -193
19551009 -199
19551010 -201
19551011 -203
19551012 -205
19551013 -207
19551014 -208
19551015 -208
19551016 -208
19551017 -193
19551018 -185
19551019 -191
19551020 -193
19551021 -183
19551022 -189
19551023 -194
19551024 -197
19551025 -195
19551026 -198
19551027 -187
19551028 -184
19551029 -186
19551030 -187
19551031 -191
19551101 -195
19551102 -198
19551103 -197
19551104 -198
19551105 -197
19551106 -198
19551107 -200
19551108 -200
19551109 -195
19551110 -195
19551111 -198
19551112 -201
19551113 -203
19551114 -204
19551115 -206
19551116 -207
19551117 -207
19551118 -208
19551119 -208
19551120 -208
19551121 -208
19551122 -207
19551123 -206
19551124 -204
19551125 -202
19551126 -203
19551127 -204
19551128 -205
19551129 -206
19551130 -209
19551201 -209
19551202 -210
19551203 -210
19551204 -207
19551205 -207
19551206 -207
19551207 -207
19551208 -208
19551209 -208
19551210 -197
19551211 -199
19551212 -203
19551213 -207
19551214 -207
19551215 -197
19551216 -194
19551217 -199
19551218 -199
19551219 -202
19551220 -202
19551221 -203
19551222 -202
19551223 -202
19551224 -202
19551225 -203
19551226 -203
19551227 -199
19551228 -196
19551229 -199
19551230 -200
19551231 -203
19560101 -200
19560102 -196
19560103 -201
19560104 -205
19560105 -207
19560106 -208
19560107 -205
19560108 -198
19560109 -197
19560110 -199
19560111 -196
19560112 -196
19560113 -195
19560114 -196
19560115 -198
19560116 -200
19560117 -201
19560118 -201
19560119 -202
19560120 -201
19560121 -197
19560122 -196
19560123 -187
19560124 -193
19560125 -197
19560126 -198
19560127 -191
19560128 -197
19560129 -197
19560130 -191
19560131 -197
19560201 -203
19560202 -207
19560203 -211
19560204 -214
19560205 -214
19560206 -215
19560207 -215
19560208 -216
19560209 -217
19560210 -217
19560211 -219
19560212 -221
19560213 -221
19560214 -222
19560215 -222
19560216 -223
19560217 -224
19560218 -225
19560219 -226
19560220 -227
19560221 -228
19560222 -229
19560223 -229
19560224 -231
19560225 -232
19560226 -234
19560227 -235
19560228 -236
19560229 -231
