2189
2
date -9999
head -9999
19901130 -227
19901214 -227
19901228 -220
19910128 -220
19910301 -214
19910314 -215
19910328 -222
19910414 -224
19910429 -219
19910515 -217
19910530 -216
19910615 -211
19910701 -213
19910713 -219
19910731 -220
19910814 -225
19910831 -223
19911002 -233
19911015 -235
19911031 -236
19911115 -235
19911130 -236
19911213 -235
19911228 -236
19920114 -225
19920130 -226
19920328 -227
19920415 -227
19920501 -228
19920514 -228
19920601 -227
19920615 -228
19920701 -227
19920715 -235
19920731 -237
19920915 -228
19920930 -229
19921015 -235
19921102 -237
19921114 -229
19921201 -227
19921215 -229
19930102 -232
19930116 -232
19930201 -231
19930215 -230
19930226 -234
19930315 -223
19930401 -224
19930425 -232
19930501 -234
19930616 -229
19930701 -230
19930715 -236
19930802 -237
19930814 -227
19930901 -225
19930915 -219
19931001 -220
19931014 -234
19931030 -235
19931116 -226
19931130 -225
19931215 -237
19940102 -237
19940116 -213
19940202 -215
19940216 -229
19940226 -225
19940316 -228
19940401 -230
19940416 -230
19940502 -229
19940530 -228
19940616 -230
19940704 -232
19940715 -226
19940730 -237
19940815 -229
19940905 -228
19940915 -229
19941003 -228
19941016 -229
19941102 -226
19941114 -230
19941202 -232
19941215 -225
19950103 -229
19950115 -229
19950130 -231
19950215 -236
19950301 -237
19950315 -235
19950401 -234
19950416 -219
19950502 -220
19950516 -234
19950602 -236
19950616 -230
19950703 -232
19950716 -232
19950801 -234
19950828 -262
19950913 -266
19950928 -261
19951013 -262
19951106 -248
19951116 -239
19951128 -248
19951214 -242
19951228 -242
19960115 -242
19960126 -234
19960214 -236
19960228 -235
19960315 -231
19960329 -230
19960416 -227
19960501 -228
19960529 -229
19960614 -231
19960627 -228
19960712 -223
19960726 -224
19960815 -225
19960827 -224
19960912 -224
19960927 -226
19961014 -232
19961028 -230
19961114 -226
19961128 -224
19961212 -225
19970113 -229
19970128 -226
19970214 -211
19970228 -225
19970314 -226
19970327 -228
19970414 -224
19970428 -219
19970514 -223
19970528 -226
19970627 -218
19970711 -220
19970728 -223
19970815 -228
19970828 -223
19970915 -231
19970929 -233
19971028 -233
19971113 -233
19971128 -229
19980114 -224
19980128 -228
19980213 -231
19980227 -228
19980316 -224
19980330 -223
19980415 -215
19980428 -219
19980629 -223
19980714 -227
19980729 -231
19980814 -233
19980827 -236
19980915 -214
19980928 -228
19981015 -229
19981113 -216
19981127 -225
19981214 -225
19981228 -219
19990114 -215
19990128 -213
19990215 -224
19990301 -213
19990315 -225
19990329 -220
19990414 -212
19990428 -228
19990518 -233
19990528 -243
19990614 -248
19990628 -256
19990714 -248
19990729 -255
19990816 -236
19990830 -237
19990913 -234
19990930 -231
19991015 -233
19991029 -238
19991115 -232
19991129 -230
19991215 -221
19991231 -227
20000114 -228
20000131 -230
20000214 -227
20000229 -217
20000305 -224
20000315 -228
20000329 -225
20000414 -227
20000503 -231
20000515 -228
20000605 -224
20000614 -224
20000629 -226
20000731 -223
20000814 -223
20000828 -225
20000927 -229
20001018 -227
20001115 -221
20001129 -221
20001213 -221
20010115 -231
20010130 -230
20010214 -228
20010228 -220
20010314 -226
20010328 -225
20010413 -232
20010427 -225
20010514 -223
20010528 -217
20010614 -217
20010628 -216
20010716 -218
20010730 -218
20010815 -214
20010827 -218
20010917 -211
20010926 -210
20011015 -215
20011029 -218
20011114 -222
20020114 -224
20020128 -219
20020214 -224
20020228 -214
20020312 -226
20020328 -229
20020415 -229
20020501 -220
20020513 -227
20020528 -230
20020613 -225
20020627 -224
20020715 -219
20020819 -219
20020829 -215
20020912 -226
20020927 -238
20021014 -229
20021029 -234
20021114 -219
20021128 -226
20030115 -225
20030201 -225
20030203 -215
20030205 -227
20030207 -231
20030209 -230
20030211 -233
20030213 -233
20030215 -236
20030217 -235
20030219 -228
20030221 -232
20030223 -234
20030225 -232
20030227 -233
20030301 -232
20030303 -235
20030305 -234
20030307 -236
20030309 -236
20030311 -231
20030313 -241
20030315 -242
20030317 -238
20030319 -237
20030321 -235
20030323 -235
20030325 -233
20030327 -234
20030329 -234
20030331 -239
20030402 -233
20030404 -237
20030406 -237
20030408 -235
20030410 -232
20030412 -236
20030414 -233
20030416 -235
20030418 -236
20030420 -229
20030422 -234
20030424 -228
20030426 -223
20030428 -222
20030430 -225
20030502 -223
20030504 -224
20030506 -228
20030508 -226
20030510 -227
20030512 -225
20030514 -227
20030516 -224
20030518 -225
20030520 -226
20030522 -212
20030524 -208
20030526 -213
20030528 -213
20030530 -212
20030601 -213
20030603 -215
20030605 -216
20030607 -215
20030609 -218
20030611 -220
20030613 -223
20030615 -224
20030617 -224
20030619 -227
20030621 -217
20030623 -213
20030625 -214
20030627 -212
20030629 -211
20030701 -208
20030703 -210
20030705 -212
20030707 -213
20030709 -212
20030711 -212
20030713 -211
20030715 -207
20030717 -209
20030719 -210
20030721 -210
20030723 -210
20030725 -208
20030727 -209
20030729 -210
20030731 -210
20030802 -211
20030804 -211
20030806 -210
20030808 -209
20030810 -208
20030812 -210
20030814 -209
20030816 -210
20030818 -208
20030820 -211
20030822 -209
20030824 -211
20030826 -208
20030827 -206
20030828 -207
20030829 -213
20030830 -210
20030831 -208
20030901 -210
20030902 -211
20030903 -215
20030904 -211
20030905 -212
20030906 -216
20030907 -215
20030908 -216
20030909 -213
20030910 -217
20030911 -212
20030912 -214
20030913 -219
20030914 -217
20030915 -218
20030916 -219
20030917 -220
20030918 -224
20030919 -223
20030920 -223
20030921 -225
20030922 -237
20030923 -228
20030924 -218
20030925 -224
20030926 -225
20030927 -222
20030928 -227
20030929 -222
20030930 -218
20031001 -221
20031002 -218
20031003 -220
20031004 -225
20031005 -222
20031006 -219
20031007 -212
20031008 -214
20031009 -215
20031010 -219
20031011 -219
20031012 -219
20031013 -220
20031014 -221
20031015 -223
20031016 -220
20031017 -221
20031018 -220
20031019 -218
20031020 -223
20031021 -222
20031022 -224
20031023 -224
20031024 -223
20031025 -223
20031026 -227
20031027 -225
20031028 -217
20031029 -214
20031030 -211
20031031 -211
20031101 -213
20031102 -219
20031103 -227
20031104 -226
20031105 -227
20031106 -226
20031107 -221
20031108 -223
20031109 -225
20031110 -226
20031111 -224
20031112 -223
20040213 -216
20040214 -215
20040215 -218
20040216 -219
20040217 -219
20040218 -218
20040219 -221
20040220 -218
20040221 -216
20040222 -219
20040223 -222
20040224 -218
20040225 -217
20040226 -213
20040227 -212
20040228 -217
20040229 -224
20040301 -228
20040302 -226
20040303 -224
20040304 -221
20040305 -221
20040306 -221
20040307 -222
20040308 -226
20040309 -225
20040310 -222
20040311 -221
20040312 -220
20040313 -223
20040314 -224
20040315 -228
20040316 -228
20040317 -227
20040318 -222
20040319 -216
20040320 -207
20040321 -209
20040322 -212
20040323 -214
20040324 -216
20040325 -217
20040326 -218
20040327 -218
20040328 -220
20040329 -222
20040330 -218
20040331 -218
20040401 -219
20040402 -221
20040403 -224
20040404 -225
20040405 -220
20040406 -220
20040407 -224
20040408 -225
20040409 -226
20040410 -226
20040411 -228
20040412 -228
20040413 -228
20040414 -225
20040415 -224
20040416 -222
20040417 -227
20040418 -219
20040419 -222
20040420 -226
20040421 -227
20040422 -229
20040423 -232
20040424 -232
20040425 -231
20040426 -227
20040427 -224
20040428 -225
20040429 -221
20040430 -220
20040501 -224
20040502 -224
20040503 -220
20040504 -214
20040505 -217
20040506 -222
20040507 -222
20040508 -222
20040509 -223
20040510 -224
20040511 -222
20040512 -221
20040513 -220
20040514 -220
20040515 -221
20040516 -221
20040517 -218
20040518 -218
20040519 -218
20040520 -217
20040521 -218
20040522 -220
20040523 -220
20040524 -218
20040525 -215
20040526 -213
20040527 -215
20040528 -215
20040529 -214
20040530 -213
20040531 -214
20040601 -213
20040602 -216
20040603 -218
20040604 -215
20040605 -216
20040606 -217
20040607 -217
20040608 -218
20040609 -220
20040610 -220
20040611 -220
20040612 -222
20040613 -225
20040614 -224
20040615 -223
20040616 -223
20040617 -222
20040618 -219
20040619 -221
20040620 -220
20040621 -220
20040622 -220
20040623 -213
20040624 -213
20040625 -218
20040626 -218
20040627 -218
20040628 -222
20040629 -221
20040630 -218
20040701 -220
20040702 -219
20040703 -216
20040704 -217
20040705 -219
20040706 -220
20040707 -215
20040708 -215
20040709 -215
20040710 -217
20040711 -216
20040712 -218
20040713 -220
20040714 -220
20040715 -220
20040716 -220
20040717 -218
20040718 -219
20040719 -220
20040720 -219
20040721 -220
20040722 -221
20040723 -223
20040724 -223
20040725 -222
20040726 -222
20040727 -224
20040728 -224
20040729 -224
20040730 -226
20040731 -228
20040801 -225
20040802 -218
20040803 -214
20040804 -214
20040805 -213
20040806 -214
20040807 -213
20040808 -211
20040809 -213
20040810 -214
20040811 -213
20040812 -212
20040813 -210
20040814 -215
20040815 -213
20040816 -206
20040817 -207
20040818 -208
20040819 -211
20040820 -212
20040821 -215
20040822 -216
20040823 -212
20040824 -211
20040825 -203
20040826 -208
20040827 -206
20040828 -208
20040829 -208
20040830 -205
20040831 -208
20040901 -210
20040902 -211
20040903 -214
20040904 -216
20040905 -215
20040906 -216
20040907 -217
20040908 -218
20040909 -215
20040910 -213
20040911 -214
20040912 -216
20040913 -214
20040914 -214
20040915 -221
20040916 -220
20040917 -219
20040918 -216
20040919 -220
20040920 -217
20040921 -222
20040922 -220
20040923 -214
20040924 -215
20040925 -215
20040926 -215
20040927 -216
20040928 -215
20040929 -215
20040930 -216
20041001 -216
20041002 -217
20041003 -219
20041004 -218
20041005 -218
20041006 -221
20041007 -222
20041008 -221
20041009 -221
20041010 -221
20041011 -222
20041012 -222
20041013 -221
20041014 -220
20041015 -220
20041016 -222
20041017 -222
20041018 -226
20041019 -225
20041020 -220
20041021 -227
20041022 -226
20041023 -223
20041024 -218
20041025 -220
20041026 -223
20041027 -217
20041028 -218
20041029 -221
20041030 -225
20041031 -228
20041101 -227
20041102 -226
20041103 -225
20041104 -225
20041105 -228
20041106 -226
20041107 -226
20041108 -223
20041109 -223
20041110 -223
20041111 -227
20041112 -224
20041113 -229
20041114 -226
20041115 -222
20041116 -224
20041117 -222
20041118 -217
20041119 -215
20041120 -215
20041121 -215
20041122 -214
20041123 -221
20041124 -221
20041125 -219
20041126 -219
20041127 -221
20041128 -218
20041129 -222
20041130 -219
20041201 -218
20041202 -220
20041203 -222
20041204 -224
20041205 -222
20041206 -222
20041207 -224
20041208 -224
20041209 -221
20041210 -222
20041211 -224
20041212 -225
20041213 -226
20041214 -224
20041215 -223
20041216 -217
20041217 -216
20041218 -218
20041219 -222
20041220 -224
20041221 -226
20041222 -220
20041223 -218
20041224 -217
20041225 -214
20041226 -221
20041227 -223
20041228 -221
20041229 -225
20041230 -221
20041231 -220
20050101 -216
20050102 -221
20050103 -223
20050104 -220
20050105 -220
20050106 -225
20050107 -221
20050108 -222
20050109 -224
20050110 -223
20050111 -223
20050112 -225
20050113 -227
20050114 -228
20050115 -224
20050116 -221
20050117 -216
20050118 -210
20050119 -217
20050120 -213
20050121 -214
20050122 -217
20050123 -217
20050124 -220
20050125 -219
20050126 -219
20050127 -214
20050128 -216
20050129 -221
20050130 -222
20050131 -220
20050201 -220
20050202 -220
20050203 -220
20050204 -218
20050205 -214
20050206 -218
20050207 -218
20050208 -220
20050209 -219
20050210 -216
20050211 -213
20050212 -202
20050213 -202
20050214 -206
20050215 -215
20050216 -216
20050217 -216
20050218 -217
20050219 -212
20050220 -211
20050221 -214
20050222 -214
20050223 -214
20050224 -216
20050225 -218
20050226 -217
20050227 -223
20050228 -219
20050301 -218
20050302 -216
20050303 -222
20050304 -216
20050305 -219
20050306 -224
20050307 -223
20050308 -219
20050309 -218
20050310 -217
20050311 -212
20050312 -214
20050313 -218
20050314 -219
20050315 -221
20050316 -222
20050317 -226
20050318 -227
20050319 -220
20050320 -214
20050321 -210
20050322 -210
20050323 -212
20050324 -210
20050325 -210
20050326 -207
20050327 -210
20050328 -210
20050329 -209
20050330 -210
20050331 -212
20050401 -211
20050402 -209
20050403 -210
20050404 -209
20050405 -211
20050406 -206
20050407 -204
20050408 -209
20050409 -215
20050410 -218
20050411 -213
20050412 -210
20050413 -206
20050414 -206
20050415 -209
20050416 -208
20050417 -207
20050418 -208
20050419 -211
20050420 -210
20050421 -210
20050422 -208
20050423 -207
20050424 -207
20050425 -208
20050426 -209
20050427 -210
20050428 -210
20050429 -210
20050430 -209
20050501 -208
20050502 -210
20050503 -210
20050504 -211
20050505 -211
20050506 -210
20050507 -209
20050508 -209
20050509 -211
20050510 -212
20050511 -212
20050512 -211
20050513 -210
20050514 -210
20050515 -211
20050516 -211
20050517 -212
20050518 -212
20050519 -211
20050520 -210
20050521 -209
20050522 -210
20050523 -213
20050524 -213
20050525 -213
20050526 -213
20050527 -212
20050528 -215
20050529 -217
20050530 -218
20050531 -218
20050601 -216
20050602 -215
20050603 -215
20050604 -213
20050605 -215
20050606 -218
20050607 -221
20050608 -220
20050609 -216
20050610 -213
20050611 -211
20050612 -208
20050613 -210
20050614 -212
20050615 -213
20050616 -214
20050617 -215
20050618 -214
20050619 -212
20050620 -212
20050621 -215
20050622 -216
20050623 -215
20050624 -219
20050625 -219
20050626 -219
20050627 -218
20050628 -216
20050629 -218
20050630 -216
20050701 -215
20050702 -216
20050703 -214
20050704 -207
20050705 -200
20050706 -206
20050707 -202
20050708 -198
20050709 -193
20050710 -189
20050711 -186
20050712 -188
20050713 -193
20050714 -198
20050715 -203
20050716 -201
20050717 -201
20050718 -208
20050719 -201
20050720 -201
20050721 -198
20050722 -197
20050723 -199
20050724 -204
20050725 -204
20050726 -195
20050727 -198
20050728 -197
20050729 -196
20050730 -195
20050731 -193
20050801 -188
20050802 -186
20050803 -188
20050804 -184
20050805 -194
20050806 -192
20050807 -194
20050808 -192
20050809 -194
20050810 -195
20050811 -194
20050812 -194
20050813 -192
20050814 -195
20050815 -185
20050816 -186
20050817 -190
20050818 -196
20050819 -197
20050820 -191
20050821 -190
20050822 -195
20050823 -193
20050824 -200
20050825 -206
20050826 -194
20050827 -192
20050828 -188
20050829 -186
20050830 -184
20050831 -196
20050901 -193
20050902 -182
20050903 -180
20050904 -187
20050905 -196
20050906 -200
20050907 -196
20050908 -196
20050909 -198
20050910 -199
20050911 -197
20050912 -189
20050913 -185
20050914 -190
20050915 -198
20050916 -195
20050917 -187
20050918 -183
20050919 -186
20050920 -187
20050921 -189
20050922 -192
20050923 -199
20050924 -194
20050925 -201
20050926 -195
20050927 -198
20050928 -195
20050929 -197
20050930 -196
20051001 -201
20051002 -188
20051003 -180
20051004 -182
20051005 -185
20051006 -188
20051007 -194
20051008 -194
20051009 -190
20051010 -193
20051011 -196
20051012 -198
20051013 -194
20051014 -186
20051015 -185
20051016 -188
20051017 -188
20051018 -194
20051019 -200
20051020 -203
20051021 -214
20051022 -213
20051023 -199
20051024 -202
20051025 -208
20051026 -195
20051027 -210
20051028 -210
20051029 -211
20051030 -209
20051031 -210
20051101 -212
20051102 -211
20051103 -211
20051104 -213
20051105 -216
20051106 -214
20051107 -215
20051108 -214
20051109 -217
20051110 -218
20051111 -215
20051112 -214
20051113 -217
20051114 -217
20051115 -213
20051116 -211
20051117 -211
20051118 -211
20051119 -212
20051120 -213
20051121 -214
20051122 -216
20051123 -215
20051124 -207
20051125 -188
20051126 -192
20051127 -200
20051128 -205
20051129 -209
20051130 -211
20051201 -210
20051202 -214
20051203 -213
20051204 -212
20051205 -210
20051206 -210
20051207 -215
20051208 -217
20051209 -219
20051210 -217
20051211 -215
20051212 -215
20051213 -215
20051214 -214
20051215 -211
20051216 -205
20051217 -207
20051218 -211
20051219 -210
20051220 -213
20051221 -214
20051222 -214
20051223 -212
20051224 -212
20051225 -214
20051226 -210
20051227 -211
20051228 -213
20051229 -213
20051230 -211
20051231 -210
20060101 -213
20060102 -222
20060103 -222
20060104 -223
20060105 -216
20060106 -217
20060107 -217
20060108 -218
20060109 -217
20060110 -216
20060111 -215
20060112 -218
20060113 -216
20060114 -216
20060115 -214
20060116 -212
20060117 -211
20060118 -216
20060119 -218
20060120 -216
20060121 -220
20060122 -221
20060123 -218
20060124 -216
20060125 -212
20060126 -215
20060127 -215
20060128 -216
20060129 -217
20060308 -217
20060309 -213
20060310 -214
20060311 -223
20060312 -227
20060313 -225
20060314 -223
20060315 -224
20060316 -225
20060317 -225
20060318 -223
20060319 -222
20060320 -222
20060321 -222
20060322 -224
20060323 -223
20060324 -222
20060325 -226
20060326 -227
20060327 -222
20060328 -222
20060329 -227
20060330 -222
20060331 -226
20060401 -226
20060402 -226
20060403 -229
20060404 -224
20060405 -223
20060406 -222
20060407 -223
20060408 -222
20060409 -225
20060410 -228
20060411 -226
20060412 -226
20060413 -224
20060414 -227
20060415 -224
20060416 -227
20060417 -226
20060418 -227
20060419 -227
20060420 -227
20060421 -228
20060422 -228
20060423 -228
20060424 -227
20060425 -228
20060426 -228
20060427 -229
20060428 -228
20060429 -227
20060430 -226
20060501 -226
20060502 -228
20060503 -229
20060504 -228
20060505 -229
20060506 -229
20060507 -229
20060508 -229
20060509 -231
20060510 -231
20060511 -231
20060512 -225
20060513 -223
20060514 -224
20060515 -220
20060516 -222
20060517 -221
20060518 -220
20060519 -220
20060520 -217
20060521 -221
20060522 -220
20060523 -227
20060524 -225
20060525 -225
20060526 -222
20060527 -221
20060528 -219
20060529 -218
20060530 -220
20060531 -221
20060601 -211
20060602 -213
20060603 -211
20060604 -210
20060605 -210
20060606 -210
20060607 -209
20060608 -209
20060609 -207
20060610 -207
20060611 -210
20060612 -210
20060613 -210
20060614 -209
20060615 -207
20060616 -206
20060617 -208
20060618 -206
20060619 -209
20060620 -210
20060621 -208
20060622 -209
20060623 -211
20060624 -210
20060625 -210
20060626 -210
20060627 -212
20060628 -211
20060629 -211
20060630 -212
20060701 -211
20060702 -210
20060703 -210
20060704 -211
20060705 -210
20060706 -210
20060707 -210
20060708 -210
20060709 -210
20060710 -214
20060711 -213
20060712 -210
20060713 -210
20060714 -212
20060715 -212
20060716 -212
20060717 -213
20060718 -213
20060719 -212
20060720 -213
20060721 -214
20060722 -212
20060723 -213
20060724 -213
20060725 -212
20060726 -211
20060727 -212
20060728 -211
20060729 -211
20060730 -212
20060731 -212
20060801 -210
20060802 -210
20060803 -210
20060804 -211
20060805 -212
20060806 -212
20060807 -212
20060808 -212
20060809 -210
20060810 -210
20060811 -209
20060812 -209
20060813 -209
20060814 -203
20060815 -204
20060816 -208
20060817 -209
20060818 -211
20060819 -212
20060820 -208
20060821 -207
20060822 -206
20060823 -209
20060824 -208
20060825 -203
20060826 -205
20060827 -208
20060828 -202
20060829 -205
20060830 -206
20060831 -208
20060901 -209
20060902 -209
20060903 -209
20060904 -212
20060905 -211
20060906 -210
20060907 -213
20060908 -215
20060909 -213
20060910 -213
20060911 -212
20060912 -212
20060913 -211
20060914 -210
20060915 -211
20060916 -212
20060917 -213
20060918 -212
20060919 -213
20060920 -213
20060921 -211
20060922 -212
20060923 -212
20060924 -212
20060925 -212
20060926 -215
20060927 -213
20060928 -213
20060929 -212
20060930 -214
20061001 -212
20061002 -212
20061003 -210
20061004 -211
20061005 -212
20061006 -207
20061007 -208
20061008 -211
20061009 -212
20061010 -212
20061011 -210
20061012 -215
20061013 -215
20061014 -214
20061015 -214
20061016 -212
20061017 -210
20061018 -209
20061019 -213
20061020 -211
20061021 -216
20061022 -213
20061023 -212
20061024 -205
20061025 -212
20061026 -211
20061027 -219
20061028 -215
20061029 -216
20061030 -213
20061031 -208
20061101 -216
20061102 -216
20061103 -215
20061104 -214
20061105 -213
20061106 -213
20061107 -212
20061108 -211
20061109 -216
20061110 -215
20061111 -208
20061112 -208
20061113 -204
20061114 -208
20061115 -208
20061116 -214
20061117 -211
20061118 -215
20061119 -215
20061120 -209
20061121 -207
20061122 -207
20061123 -202
20061124 -209
20061125 -211
20061126 -218
20061127 -217
20061128 -215
20061129 -223
20061130 -220
20061201 -215
20061202 -210
20061203 -209
20061204 -207
20061205 -205
20061206 -212
20061207 -204
20061208 -200
20061209 -214
20061210 -219
20061211 -214
20061212 -215
20061213 -216
20061214 -215
20061215 -214
20061216 -213
20061217 -214
20061218 -217
20061219 -218
20061220 -217
20061221 -218
20061222 -217
20061223 -217
20061224 -216
20061225 -216
20061226 -216
20061227 -214
20061228 -213
20061229 -211
20061230 -211
20061231 -214
20070101 -213
20070102 -214
20070103 -214
20070104 -209
20070105 -214
20070106 -211
20070107 -209
20070108 -209
20070109 -212
20070110 -211
20070111 -207
20070112 -216
20070113 -215
20070114 -221
20070115 -218
20070116 -215
20070117 -214
20070118 -195
20070119 -214
20070120 -212
20070121 -215
20070122 -219
20070123 -214
20070124 -213
20070125 -220
20070126 -215
20070127 -222
20070128 -216
20070129 -218
20070130 -217
20070131 -215
20070201 -220
20070202 -221
20070203 -222
20070204 -219
20070205 -214
20070206 -212
20070207 -210
20070208 -210
20070209 -216
20070210 -212
20070211 -206
20070212 -209
20070213 -215
20070214 -211
20070215 -218
20070216 -214
20070217 -214
20070218 -217
20070219 -214
20070220 -213
20070221 -215
20070222 -214
20070223 -212
20070224 -216
20070225 -210
20070226 -214
20070227 -211
20070228 -205
20070301 -204
20070302 -214
20070303 -215
20070304 -213
20070305 -211
20070306 -205
20070307 -202
20070308 -209
20070309 -211
20070310 -213
20070311 -212
20070312 -210
20070313 -213
20070314 -214
20070315 -212
20070316 -211
20070317 -210
20070318 -204
20070319 -207
20070320 -211
20070321 -211
20070322 -212
20070323 -216
20070324 -216
20070325 -217
20070326 -216
20070327 -215
20070328 -215
20070329 -217
20070704 -204
20070705 -203
20070706 -209
20070707 -214
20070708 -217
20070709 -218
20070710 -219
20070711 -214
20070712 -216
20070713 -216
20070714 -217
20070715 -216
20070716 -215
20070717 -210
20070718 -212
20070719 -213
20070720 -212
20070721 -211
20070722 -210
20070723 -206
20070724 -211
20070725 -212
20070726 -211
20070727 -214
20070728 -215
20070729 -203
20070730 -209
20070731 -212
20070801 -213
20070802 -216
20070803 -220
20070804 -218
20070805 -213
20070806 -214
20070807 -216
20070808 -217
20070809 -217
20070810 -218
20070811 -215
20070812 -212
20070813 -214
20070814 -211
20070815 -213
20070816 -216
20070817 -216
20070818 -214
20070819 -211
20070820 -210
20070821 -214
20070822 -214
20070823 -216
20070824 -216
20070825 -215
20070826 -214
20070827 -212
20070828 -212
20070829 -212
20070830 -212
20070831 -212
20070901 -213
20070902 -211
20070903 -212
20070904 -214
20070905 -213
20070906 -214
20070907 -215
20070908 -214
20070909 -215
20070910 -213
20070911 -216
20070912 -216
20070913 -215
20070914 -214
20070915 -216
20070916 -212
20070917 -212
20070918 -215
20070919 -214
20070920 -214
20070921 -214
20070922 -216
20070923 -214
20070924 -212
20070925 -214
20070926 -209
20070927 -210
20070928 -208
20070929 -211
20070930 -215
20071001 -215
20071002 -211
20071003 -210
20071004 -211
20071005 -211
20071006 -211
20071007 -209
20071008 -212
20071009 -210
20071010 -212
20071011 -212
20071012 -212
20071013 -213
20071014 -211
20071015 -210
20071016 -211
20071017 -212
20071018 -216
20071019 -216
20071020 -215
20071021 -212
20071022 -213
20071023 -213
20071024 -213
20071025 -212
20071026 -213
20071027 -215
20071028 -211
20071029 -213
20071030 -220
20071031 -223
20071101 -223
20071102 -222
20071103 -218
20071104 -219
20071105 -216
20071106 -218
20071107 -213
20071108 -212
20071109 -214
20071110 -210
20071111 -212
20071112 -216
20071113 -210
20071114 -221
20071115 -224
20071116 -224
20071117 -219
20071118 -215
20071119 -218
20071120 -217
20071121 -219
20071122 -221
20071123 -228
20071124 -226
20071125 -225
20071126 -226
20071127 -222
20071128 -218
20071129 -219
20071130 -222
20071201 -219
20071202 -215
20071203 -220
20071204 -226
20071205 -221
20071206 -220
20071207 -214
20071208 -218
20071209 -217
20071210 -225
20071211 -231
20071212 -232
20071213 -228
20071214 -225
20071215 -224
20071216 -224
20071217 -224
20071218 -224
20071219 -224
20071220 -223
20071221 -222
20071222 -221
20071223 -223
20071224 -221
20071225 -220
20071226 -225
20071227 -223
20071228 -221
20071229 -218
20071230 -226
20071231 -225
20080101 -224
20080102 -222
20080103 -225
20080104 -224
20080105 -222
20080106 -226
20080107 -229
20080108 -228
20080109 -225
20080110 -223
20080111 -216
20080112 -222
20080113 -223
20080114 -225
20080115 -225
20080116 -222
20080117 -223
20080118 -228
20080119 -230
20080120 -225
20080121 -220
20080122 -225
20080123 -223
20080124 -225
20080125 -228
20080126 -227
20080127 -227
20080128 -227
20080129 -225
20080130 -228
20080131 -228
20080201 -222
20080202 -227
20080203 -221
20080204 -222
20080205 -221
20080206 -231
20080207 -234
20080208 -229
20080209 -227
20080210 -226
20080211 -225
20080212 -225
20080213 -225
20080214 -223
20080215 -225
20080216 -225
20080217 -223
20080218 -221
20080219 -219
20080220 -218
20080221 -219
20080222 -220
20080223 -222
20080224 -219
20080225 -220
20080226 -219
20080227 -225
20080228 -225
20080229 -220
20080301 -222
20080302 -224
20080303 -225
20080304 -230
20080305 -232
20080306 -225
20080307 -222
20080308 -221
20080309 -223
20080310 -214
20080311 -213
20080312 -220
20080313 -223
20080314 -223
20080315 -218
20080316 -218
20080317 -221
20080318 -222
20080319 -222
20080320 -216
20080321 -204
20080322 -216
20080323 -217
20080324 -219
20080325 -221
20080326 -218
20080327 -220
20080328 -219
20080329 -224
20080330 -222
20080331 -226
20080401 -223
20080402 -224
20080403 -224
20080404 -221
20080405 -216
20080406 -212
20080407 -216
20080408 -217
20080409 -219
20080410 -217
20080411 -218
20080412 -221
20080413 -223
20080414 -225
20080415 -224
20080416 -221
20080417 -216
20080418 -215
20080419 -217
20080420 -220
20080421 -220
20080422 -223
20080423 -225
20080424 -224
20080425 -226
20080426 -223
20080427 -219
20080428 -218
20080429 -215
20080430 -219
20080501 -225
20080502 -228
20080503 -228
20080504 -221
20080505 -219
20080506 -217
20080508 -213
20080509 -212
20080510 -213
20080511 -213
20080512 -212
20080513 -214
20080514 -213
20080515 -212
20080516 -212
20080517 -211
20080518 -213
20080519 -214
20080520 -213
20080521 -212
20080522 -210
20080523 -209
20080524 -208
20080525 -209
20080526 -209
20080527 -207
20080528 -207
20080529 -206
20080530 -207
20080531 -209
20080601 -209
20080602 -207
20080603 -209
20080604 -211
20080605 -211
20080606 -210
20080607 -212
20080608 -213
20080609 -213
20080610 -212
20080611 -212
20080612 -210
20080613 -210
20080614 -210
20080615 -208
20080616 -210
20080617 -210
20080618 -210
20080619 -209
20080620 -211
20080621 -211
20080622 -209
20080623 -214
20080624 -212
20080625 -214
20080626 -215
20080627 -215
20080628 -213
20080629 -213
20080630 -214
20080701 -212
20080702 -211
20080703 -212
20080704 -214
20080705 -212
20080706 -210
20080707 -210
20080708 -213
20080709 -213
20080710 -209
20080711 -209
20080712 -209
20080713 -211
20080714 -213
20080715 -212
20080716 -211
20080717 -209
20080718 -208
20080719 -208
20080720 -210
20080721 -210
20080722 -210
20080723 -210
20080724 -208
20080725 -207
20080726 -209
20080727 -210
20080728 -208
20080729 -209
20080730 -210
20080731 -209
20080801 -210
20080802 -210
20080803 -209
20080804 -208
20080805 -211
20080806 -210
20080807 -206
20080808 -206
20080809 -207
20080810 -207
20080811 -209
20080812 -208
20080813 -213
20080814 -217
20080815 -217
20080816 -215
20080817 -215
20080818 -216
20080819 -216
20080820 -213
20080821 -216
20080822 -215
20080823 -216
20080824 -216
20080825 -218
20080826 -219
20080827 -219
20080828 -219
20080829 -219
20080830 -219
20080831 -217
20080901 -220
20080902 -216
20080903 -219
20080904 -219
20080905 -217
20080906 -221
20080907 -223
20080908 -221
20080909 -219
20080910 -221
20080911 -219
20080912 -219
20080913 -218
20080914 -221
20080915 -222
20080916 -221
20080917 -223
20080918 -222
20080919 -224
20080920 -224
20080921 -222
20080922 -222
20080923 -221
20080924 -223
20080925 -225
20080926 -225
20080927 -223
20080928 -222
20080929 -220
20080930 -217
20081001 -214
20081002 -217
20081003 -211
20081004 -215
20081005 -210
20081006 -213
20081007 -215
20081008 -219
20081009 -223
20081010 -222
20081011 -222
20081012 -221
20081013 -218
20081014 -222
20081015 -218
20081016 -220
20081017 -221
20081018 -219
20081019 -219
20081020 -213
20081021 -217
20081022 -220
20081023 -220
20081024 -219
20081025 -220
20081026 -214
20081027 -210
20081028 -212
20081029 -210
20081030 -214
20081031 -217
20081101 -216
20081102 -220
20081103 -217
20081104 -219
20081105 -216
20081106 -216
20081107 -215
20081108 -217
20081109 -217
20081110 -213
20081111 -207
20081112 -214
20081113 -218
20081114 -217
20081115 -217
20081116 -219
20081117 -220
20081118 -214
20081119 -217
20081120 -215
20081121 -213
20081122 -215
20081123 -205
20081124 -210
20081125 -218
20081126 -222
20081127 -216
20081128 -223
20081129 -210
20081130 -213
20081201 -215
20081202 -216
20081203 -209
20081204 -212
20081205 -210
20081206 -219
20081207 -224
20081208 -220
20081209 -218
20081210 -216
20081211 -213
20081212 -217
20081213 -209
20081214 -214
20081215 -221
20081216 -218
20081217 -217
20081218 -219
20081219 -223
20081220 -219
20081221 -220
20081222 -221
20081223 -222
20081224 -218
20081225 -221
20081226 -222
20081227 -221
20081228 -219
20081229 -218
20081230 -219
20081231 -219
20090101 -220
20090102 -222
20090103 -219
20090104 -215
20090105 -219
20090106 -220
20090107 -219
20090108 -223
20090109 -222
20090110 -220
20090111 -220
20090112 -217
20090113 -214
20090114 -215
20090115 -217
20090116 -218
20090117 -213
20090118 -212
20090119 -210
20090120 -210
20090121 -221
20090122 -209
20090123 -194
20090124 -210
20090125 -220
20090126 -220
20090127 -225
20090128 -225
20090129 -226
20090130 -225
20090131 -224
20090201 -221
20090202 -222
20090203 -217
20090204 -216
20090205 -215
20090206 -215
20090207 -217
20090208 -222
20090209 -219
20090210 -216
20090211 -221
20090212 -224
20090213 -224
20090214 -227
20090215 -223
20090216 -222
20090217 -221
20090218 -222
20090219 -222
20090220 -224
20090221 -223
20090222 -218
20090223 -219
20090224 -223
20090225 -222
20090226 -218
20090227 -218
20090228 -217
20090301 -213
20090302 -217
20090303 -214
20090304 -210
20090305 -213
20090306 -217
20090307 -221
20090308 -215
20090309 -220
20090310 -215
20090311 -223
20090312 -219
20090313 -219
20090314 -218
20090315 -223
20090316 -223
20090317 -223
20090318 -220
20090319 -220
20090320 -220
20090321 -219
20090322 -219
20090323 -210
20090324 -214
20090325 -207
20090326 -207
20090327 -206
20090328 -206
20090329 -212
20090330 -216
20090331 -216
20090401 -213
20090402 -213
20090403 -213
20090404 -216
20090405 -218
20090406 -211
