825
2
date -9999
head -9999
19970820 -217
19970914 -212
19970928 -214
19971013 -209
19971028 -210
19971115 -209
19971127 -209
19971214 -206
19971228 -203
19980113 -199
19980129 -202
19980216 -207
19980302 -209
19980315 -203
19980329 -202
19980414 -209
19980428 -203
19980514 -208
19980529 -207
19980614 -203
19980628 -202
19980714 -205
19980729 -207
19980815 -212
19980828 -212
19980915 -202
19980928 -203
19981015 -204
19981028 -196
19981115 -196
19981129 -198
19981216 -199
19981229 -197
19990116 -196
19990130 -202
19990216 -199
19990302 -195
19990330 -202
19990416 -201
19990430 -205
19990530 -210
19990616 -210
19990728 -219
19990816 -214
19990830 -213
19990916 -214
19990926 -214
19991012 -212
19991030 -212
19991130 -205
19991216 -201
19991228 -196
20000114 -200
20000128 -201
20000215 -200
20000227 -199
20000314 -198
20000315 -198
20000331 -199
20000415 -201
20000430 -210
20000517 -210
20000530 -207
20000616 -213
20000716 -209
20000730 -210
20000814 -214
20000831 -213
20000916 -208
20000930 -212
20001015 -210
20001031 -205
20001130 -201
20001216 -199
20001230 -201
20010116 -199
20010130 -196
20010216 -202
20010228 -199
20010316 -199
20010330 -202
20010416 -202
20010430 -206
20010515 -206
20010527 -209
20010716 -217
20010730 -219
20010916 -206
20010930 -197
20011014 -204
20011030 -209
20011116 -209
20011229 -196
20020116 -197
20020130 -198
20020216 -200
20020302 -200
20020316 -205
20020331 -203
20020413 -207
20020430 -206
20020616 -212
20020630 -214
20020815 -216
20020927 -214
20021016 -210
20021030 -203
20021116 -203
20021130 -204
20021216 -198
20021229 -198
20030116 -198
20030131 -198
20030216 -204
20030302 -202
20030316 -208
20030330 -206
20030331 -198
20030413 -207
20030501 -209
20030516 -207
20030531 -213
20030614 -218
20030630 -219
20030716 -223
20030804 -225
20030816 -225
20030830 -227
20030914 -223
20030928 -217
20031012 -215
20031030 -206
20031116 -210
20031201 -208
20031216 -205
20031231 -203
20040116 -204
20040131 -200
20040214 -200
20040301 -203
20040314 -202
20040331 -204
20040416 -201
20040430 -208
20040517 -212
20040531 -213
20040614 -218
20040630 -215
20040716 -216
20040731 -218
20040817 -216
20040831 -215
20040916 -217
20040930 -215
20041015 -212
20041031 -216
20041114 -214
20041126 -205
20041217 -203
20050114 -208
20050128 -202
20050213 -195
20050227 -204
20050313 -203
20050330 -205
20050415 -203
20050516 -208
20050529 -212
20050612 -210
20050630 -214
20050715 -214
20050731 -213
20050816 -200
20050828 -214
20050916 -215
20050930 -218
20051014 -219
20051028 -218
20051116 -214
20051130 -203
20051216 -214
20051230 -214
20060116 -205
20060131 -208
20060216 -201
20060228 -203
20060312 -210
20060416 -209
20060430 -211
20060516 -212
20060531 -211
20060616 -214
20060630 -219
20060716 -225
20060727 -227
20060815 -217
20060831 -213
20060916 -215
20060930 -215
20061016 -214
20061031 -216
20061116 -207
20061130 -209
20061216 -206
20061230 -203
20070114 -208
20070126 -204
20070216 -206
20070227 -204
20070316 -204
20070330 -204
20071101 -215
20071102 -216
20071103 -215
20071104 -215
20071105 -214
20071106 -214
20071107 -212
20071108 -211
20071109 -211
20071110 -210
20071111 -209
20071112 -211
20071113 -210
20071114 -210
20071115 -212
20071116 -213
20071117 -212
20071118 -209
20071119 -208
20071120 -208
20071121 -207
20071122 -207
20071123 -210
20071124 -212
20071125 -210
20071126 -211
20071127 -212
20071128 -210
20071129 -207
20071130 -207
20071201 -206
20071202 -204
20071203 -205
20071204 -209
20071205 -206
20071206 -206
20071207 -202
20071208 -205
20071209 -201
20071210 -204
20071211 -209
20071212 -212
20071213 -213
20071214 -212
20071215 -212
20071216 -211
20071217 -211
20071218 -211
20071219 -212
20071220 -211
20071221 -210
20071222 -208
20071223 -208
20071224 -208
20071225 -206
20071226 -208
20071227 -208
20071228 -207
20071229 -205
20071230 -207
20071231 -209
20080101 -209
20080102 -208
20080103 -205
20080104 -206
20080105 -203
20080106 -205
20080107 -204
20080108 -207
20080109 -206
20080110 -206
20080111 -203
20080112 -204
20080113 -206
20080114 -204
20080115 -202
20080116 -207
20080117 -206
20080118 -207
20080119 -207
20080120 -206
20080121 -205
20080122 -207
20080123 -208
20080124 -207
20080125 -209
20080126 -207
20080127 -208
20080128 -209
20080129 -208
20080130 -207
20080131 -204
20080201 -200
20080202 -203
20080203 -204
20080204 -202
20080205 -203
20080206 -205
20080207 -210
20080208 -209
20080209 -209
20080210 -209
20080211 -209
20080212 -208
20080213 -211
20080214 -211
20080215 -210
20080216 -212
20080217 -210
20080218 -209
20080219 -208
20080220 -206
20080221 -206
20080222 -206
20080223 -207
20080224 -206
20080225 -206
20080226 -202
20080227 -204
20080228 -206
20080229 -205
20080301 -202
20080302 -203
20080303 -204
20080304 -207
20080305 -210
20080306 -208
20080307 -206
20080308 -207
20080309 -205
20080310 -202
20080311 -204
20080312 -205
20080313 -210
20080314 -209
20080315 -210
20080316 -207
20080317 -210
20080318 -211
20080319 -211
20080320 -210
20080321 -204
20080322 -205
20080323 -207
20080324 -206
20080325 -208
20080326 -208
20080327 -208
20080328 -208
20080329 -209
20080330 -208
20080331 -210
20080401 -211
20080402 -212
20080403 -213
20080404 -212
20080405 -208
20080406 -206
20080407 -206
20080408 -206
20080409 -204
20080410 -204
20080411 -204
20080412 -207
20080413 -208
20080414 -210
20080415 -211
20080416 -211
20080417 -209
20080418 -207
20080419 -207
20080420 -207
20080421 -207
20080422 -207
20080423 -209
20080424 -210
20080425 -214
20080426 -214
20080427 -211
20080428 -210
20080429 -208
20080430 -207
20080501 -210
20080502 -212
20080503 -213
20080504 -212
20080505 -212
20080506 -212
20080507 -211
20080508 -210
20080509 -209
20080510 -210
20080511 -210
20080512 -211
20080513 -211
20080514 -211
20080515 -211
20080516 -212
20080517 -212
20080518 -213
20080519 -213
20080520 -214
20080521 -214
20080522 -213
20080523 -212
20080524 -212
20080525 -214
20080526 -214
20080527 -213
20080528 -212
20080529 -214
20080530 -214
20080531 -215
20080601 -215
20080602 -212
20080603 -212
20080604 -213
20080605 -214
20080606 -213
20080607 -214
20080608 -215
20080609 -214
20080610 -215
20080611 -216
20080612 -216
20080613 -217
20080614 -216
20080615 -215
20080616 -216
20080617 -217
20080618 -217
20080619 -217
20080620 -218
20080621 -219
20080622 -216
20080623 -219
20080624 -220
20080625 -219
20080626 -220
20080627 -220
20080628 -221
20080629 -221
20080630 -221
20080701 -221
20080702 -218
20080703 -220
20080704 -221
20080705 -221
20080706 -220
20080707 -220
20080708 -221
20080709 -222
20080710 -221
20080711 -219
20080712 -219
20080713 -220
20080714 -221
20080715 -222
20080716 -221
20080717 -220
20080718 -219
20080719 -217
20080720 -218
20080721 -219
20080722 -219
20080723 -218
20080724 -216
20080725 -214
20080726 -214
20080727 -215
20080728 -214
20080729 -214
20080730 -215
20080731 -213
20080801 -212
20080802 -213
20080803 -214
20080804 -212
20080805 -212
20080806 -211
20080807 -210
20080808 -210
20080809 -211
20080810 -210
20080811 -210
20080812 -208
20080813 -210
20080814 -211
20080815 -211
20080816 -211
20080817 -211
20080818 -211
20080819 -210
20080820 -210
20080821 -211
20080822 -211
20080823 -210
20080824 -210
20080825 -209
20080826 -211
20080827 -212
20080828 -211
20080829 -210
20080830 -210
20080831 -208
20080901 -209
20080902 -209
20080903 -209
20080904 -209
20080905 -209
20080906 -208
20080907 -210
20080908 -212
20080909 -211
20080910 -210
20080911 -209
20080912 -209
20080913 -213
20080914 -214
20080915 -214
20080916 -214
20080917 -214
20080918 -214
20080919 -215
20080920 -216
20080921 -215
20080922 -213
20080923 -214
20080924 -215
20080925 -216
20080926 -217
20080927 -216
20080928 -214
20080929 -213
20080930 -211
20081001 -209
20081002 -209
20081003 -210
20081004 -212
20081005 -208
20081006 -210
20081007 -209
20081008 -209
20081009 -211
20081010 -213
20081011 -211
20081012 -211
20081013 -208
20081014 -208
20081015 -209
20081016 -208
20081017 -209
20081018 -210
20081019 -209
20081020 -207
20081021 -207
20081022 -211
20081023 -211
20081024 -211
20081025 -211
20081026 -209
20081027 -206
20081028 -208
20081029 -209
20081030 -207
20081031 -207
20081101 -208
20081102 -208
20081103 -208
20081104 -210
20081105 -208
20081106 -207
20081107 -207
20081108 -207
20081109 -207
20081110 -206
20081111 -203
20081112 -206
20081113 -206
20081114 -207
20081115 -206
20081116 -206
20081117 -206
20081118 -204
20081119 -204
20081120 -202
20081121 -202
20081122 -204
20081123 -203
20081124 -202
20081125 -204
20081126 -207
20081127 -205
20081128 -203
20081129 -201
20081130 -202
20081201 -202
20081202 -203
20081203 -201
20081204 -200
20081205 -199
20081206 -203
20081207 -206
20081208 -208
20081209 -205
20081210 -204
20081211 -204
20081212 -205
20081213 -203
20081214 -202
20081215 -206
20081216 -207
20081217 -205
20081218 -206
20081219 -206
20081220 -204
20081221 -206
20081222 -206
20081223 -210
20081224 -208
20081225 -209
20081226 -211
20081227 -211
20081228 -210
20081229 -210
20081230 -211
20081231 -210
20090101 -210
20090102 -209
20090103 -210
20090104 -207
20090105 -207
20090106 -209
20090107 -207
20090108 -210
20090109 -210
20090110 -209
20090111 -209
20090112 -205
20090113 -204
20090114 -203
20090115 -206
20090116 -207
20090117 -205
20090118 -200
20090119 -198
20090120 -201
20090121 -204
20090122 -202
20090123 -196
20090124 -200
20090125 -203
20090126 -205
20090127 -209
20090128 -210
20090129 -210
20090130 -210
20090131 -209
20090201 -210
20090202 -206
20090203 -206
20090204 -206
20090205 -205
20090206 -202
20090207 -203
20090208 -206
20090209 -206
20090210 -201
20090211 -205
20090212 -207
20090213 -208
20090214 -207
20090215 -210
20090216 -206
20090217 -206
20090218 -208
20090219 -208
20090220 -207
20090221 -207
20090222 -204
20090223 -205
20090224 -206
20090225 -207
20090226 -204
20090227 -204
20090228 -201
20090301 -200
20090302 -206
20090303 -206
20090304 -202
20090305 -202
20090306 -204
20090307 -207
20090308 -203
20090309 -206
20090310 -204
20090311 -207
20090312 -207
20090313 -207
20090314 -205
20090315 -206
20090316 -210
20090317 -208
20090318 -210
20090319 -207
20090320 -207
20090321 -205
20090322 -206
20090323 -205
20090324 -205
20090325 -202
20090326 -203
20090327 -201
20090328 -202
20090329 -203
20090330 -203
20090331 -202
20090401 -201
20090402 -201
20090403 -195
20090404 -205
20090405 -206
20090406 -201
20090407 -202
20090408 -205
20090409 -207
20090410 -201
20090411 -203
20090412 -204
20090413 -203
20090414 -205
20090415 -203
20090416 -203
20090417 -208
20090418 -207
20090419 -209
20090420 -207
20090421 -211
20090422 -212
20090423 -213
20090424 -211
20090425 -207
20090426 -211
20090427 -209
20090428 -210
20090429 -207
20090430 -207
20090501 -207
20090502 -208
20090503 -211
20090504 -211
20090505 -211
20090506 -210
20090507 -209
20090508 -207
20090509 -209
20090510 -208
20090511 -210
20090512 -210
20090513 -208
20090514 -206
20090515 -207
20090516 -210
20090517 -210
20090518 -210
20090519 -209
20090520 -210
20090521 -209
20090522 -210
20090523 -209
20090524 -209
20090525 -208
20090526 -207
20090527 -212
20090528 -211
20090529 -212
20090530 -210
20090531 -209
20090601 -207
20090602 -209
20090603 -212
20090604 -214
20090605 -214
20090606 -210
20090607 -211
20090608 -211
20090609 -210
20090610 -212
20090611 -213
20090612 -213
20090613 -212
20090614 -213
20090615 -212
20090616 -213
20090617 -211
20090618 -210
20090619 -212
20090620 -213
20090621 -213
20090622 -215
20090623 -214
20090624 -212
20090625 -210
20090626 -209
20090627 -211
20090628 -212
20090629 -212
20090630 -212
20090701 -212
20090702 -210
20090703 -207
20090704 -211
20090705 -211
20090706 -213
