1046
2
date -9999
head -9999
19640929 -258
19641028 -251
19641114 -251
19641215 -241
19641228 -244
19650101 -243
19650115 -240
19650128 -241
19650215 -248
19650302 -247
19650316 -250
19650331 -251
19650415 -251
19650515 -248
19650530 -251
19650629 -255
19650716 -253
19650730 -253
19650814 -258
19650829 -257
19650916 -255
19651015 -259
19651029 -260
19651116 -260
19651201 -248
19651216 -243
19651229 -242
19660101 -241
19660116 -244
19660128 -246
19660214 -245
19660228 -244
19660315 -248
19660401 -247
19660415 -246
19660430 -248
19660516 -252
19660528 -256
19660615 -260
19660629 -253
19660715 -254
19660729 -249
19660817 -249
19660915 -257
19660929 -258
19661015 -256
19661101 -259
19661115 -256
19661215 -237
19661229 -242
19670101 -242
19670113 -242
19670214 -247
19670221 -241
19670315 -249
19670328 -248
19670415 -251
19670501 -253
19670531 -256
19670615 -258
19670630 -262
19670714 -265
19670729 -267
19670815 -261
19670829 -263
19670929 -259
19671028 -257
19671115 -250
19671129 -258
19671215 -249
19671228 -240
19680101 -240
19680115 -243
19680129 -247
19680214 -247
19680228 -251
19680314 -252
19680328 -257
19680416 -256
19680429 -258
19680514 -259
19680528 -260
19680614 -264
19680628 -262
19680714 -260
19680729 -274
19680814 -253
19680830 -256
19680913 -258
19680927 -253
19681014 -250
19681028 -252
19681114 -253
19681128 -254
19681213 -253
19681227 -254
19690114 -251
19690128 -251
19690214 -247
19690228 -248
19690314 -250
19690328 -256
19690414 -257
19690428 -255
19690528 -257
19690613 -260
19690627 -263
19690714 -264
19690728 -267
19690814 -259
19690828 -259
19690915 -260
19690929 -265
19691014 -267
19691028 -267
19691114 -262
19691128 -259
19691215 -254
19691229 -253
19700128 -255
19700213 -252
19700227 -253
19700313 -253
19700326 -252
19700414 -256
19700428 -256
19700514 -259
19700528 -262
19700615 -270
19700629 -269
19700714 -269
19700728 -265
19700814 -268
19700828 -271
19700914 -270
19700928 -272
19701014 -269
19701028 -263
19701113 -258
19701127 -261
19701214 -256
19701228 -254
19710114 -259
19710128 -255
19710215 -253
19710301 -258
19710315 -258
19710329 -258
19710414 -262
19710428 -265
19710514 -262
19710528 -255
19710614 -253
19710628 -244
19710714 -243
19710728 -249
19710813 -249
19710827 -245
19710914 -249
19710928 -245
19711014 -249
19711028 -250
19711115 -246
19711129 -237
19711214 -237
19711228 -235
19720114 -239
19720128 -239
19720214 -235
19720228 -234
19720314 -236
19720328 -229
19720414 -230
19720428 -231
19720515 -231
19720529 -230
19720614 -231
19720628 -230
19720714 -233
19720728 -232
19720814 -230
19720828 -230
19720914 -231
19720928 -235
19721014 -237
19721027 -238
19721114 -227
19721215 -229
19721229 -231
19730114 -231
19730128 -227
19730215 -226
19730228 -225
19730314 -228
19730328 -230
19730414 -229
19730428 -229
19730514 -228
19730528 -230
19730614 -232
19730629 -236
19730714 -239
19730728 -235
19730815 -239
19730828 -241
19730914 -239
19730929 -240
19731015 -233
19731029 -232
19731114 -229
19731128 -231
19731214 -224
19731228 -225
19740114 -224
19740128 -225
19740215 -226
19740228 -227
19740314 -227
19740328 -223
19740415 -232
19740429 -234
19740514 -239
19740528 -239
19740614 -235
19740628 -239
19740715 -235
19740729 -239
19740814 -239
19740829 -236
19740914 -231
19740928 -226
19741014 -222
19741028 -218
19741115 -212
19741128 -212
19741214 -214
19741228 -210
19750114 -210
19750128 -209
19750214 -214
19750228 -219
19750314 -217
19750329 -214
19750414 -214
19750428 -219
19750514 -222
19750528 -225
19750614 -227
19750628 -226
19750714 -227
19750728 -229
19750814 -233
19750828 -232
19750915 -231
19750929 -231
19751014 -230
19751028 -231
19751114 -229
19751128 -229
19751214 -226
19751229 -221
19760114 -217
19760128 -213
19760214 -215
19760228 -220
19760314 -218
19760328 -225
19760414 -224
19760428 -228
19760514 -229
19760528 -233
19760614 -236
19760628 -236
19760714 -237
19760728 -237
19760814 -239
19760828 -239
19760914 -233
19760928 -232
19761014 -229
19761028 -228
19761115 -229
19761129 -228
19761214 -224
19761228 -222
19770114 -216
19770128 -214
19770214 -215
19770228 -216
19770314 -218
19770328 -217
19770414 -218
19770428 -220
19770514 -228
19770528 -225
19770614 -226
19770629 -228
19770714 -227
19770728 -226
19770815 -223
19770829 -221
19770914 -225
19770928 -228
19771014 -227
19771028 -228
19771114 -219
19771128 -217
19771214 -216
19771228 -214
19780114 -213
19780128 -212
19780214 -214
19780228 -217
19780314 -216
19780329 -215
19780414 -218
19780428 -218
19780516 -216
19780529 -223
19780614 -224
19780628 -225
19780714 -226
19780728 -227
19780814 -226
19780828 -228
19780914 -226
19780928 -225
19781014 -226
19781028 -227
19781114 -232
19781128 -231
19781214 -217
19781228 -212
19790314 -207
19790328 -209
19790414 -215
19790428 -216
19790514 -217
19790528 -218
19790614 -211
19790628 -214
19790714 -216
19790728 -221
19790814 -223
19790828 -225
19790914 -224
19790928 -229
19791015 -229
19791029 -228
19791114 -226
19791128 -224
19791214 -214
19791228 -214
19800114 -222
19800128 -223
19800214 -224
19800228 -225
19800314 -223
19800328 -222
19800414 -224
19800428 -227
19800513 -233
19800528 -232
19800814 -230
19800828 -233
19800913 -232
19800929 -236
19801014 -235
19801028 -232
19801114 -231
19801128 -226
19801214 -226
19801229 -225
19810114 -222
19810129 -221
19810214 -222
19810228 -222
19810314 -208
19810328 -214
19810414 -226
19810428 -228
19810514 -228
19810528 -231
19810615 -230
19810629 -215
19810714 -230
19810728 -226
19810814 -225
19810829 -224
19810914 -218
19810924 -222
19811014 -213
19811028 -211
19811114 -213
19811128 -214
19811214 -210
19811229 -206
19820114 -216
19820129 -215
19820213 -221
19820301 -222
19820314 -223
19820329 -223
19820414 -226
19820428 -230
19820514 -232
19820529 -234
19820614 -235
19820628 -237
19820714 -237
19820728 -239
19820814 -239
19820828 -238
19820914 -238
19820929 -238
19821014 -235
19821028 -233
19821114 -228
19821127 -226
19821214 -227
19821228 -228
19830114 -221
19830129 -223
19830214 -221
19830301 -224
19830314 -224
19830328 -222
19830414 -221
19830428 -221
19830513 -219
19830528 -220
19830614 -222
19830628 -227
19830714 -233
19830729 -236
19830815 -239
19830830 -239
19830914 -233
19830929 -234
19831014 -234
19831028 -236
19831114 -235
19831129 -228
19831214 -225
19831228 -227
19840114 -227
19840131 -228
19840214 -222
19840228 -220
19840314 -220
19840328 -220
19840414 -225
19840428 -218
19840514 -220
19840528 -227
19840614 -228
19840628 -229
19840714 -230
19840728 -232
19840814 -233
19840828 -236
19840914 -232
19840929 -226
19841015 -226
19841029 -222
19841114 -222
19841128 -223
19841214 -219
19841228 -219
19850128 -224
19850214 -227
19850228 -227
19850314 -228
19850328 -226
19850414 -224
19850428 -226
19850514 -228
19850528 -229
19850614 -229
19850628 -230
19850714 -231
19850728 -229
19850814 -229
19850828 -220
19850914 -226
19850928 -227
19851014 -229
19851028 -229
19851114 -227
19851128 -226
19851214 -225
19851228 -214
19860114 -219
19860128 -216
19860214 -223
19860228 -237
19860314 -229
19860328 -213
19860414 -234
19860428 -226
19860514 -225
19860528 -230
19860614 -231
19860628 -233
19860714 -238
19860728 -239
19860814 -239
19860828 -236
19860914 -236
19860928 -240
19861014 -236
19861028 -237
19861114 -226
19861128 -223
19861215 -226
19861229 -221
19870128 -225
19870214 -225
19870228 -221
19870314 -224
19870328 -220
19870414 -224
19870428 -226
19870514 -220
19870528 -216
19870614 -223
19870628 -224
19870714 -235
19870728 -237
19870814 -229
19870828 -225
19870914 -224
19870928 -225
19871014 -227
19871028 -225
19871114 -225
19871128 -225
19871214 -225
19871228 -224
19880214 -229
19880228 -229
19880314 -219
19880328 -226
19880414 -221
19880428 -218
19880514 -227
19880528 -228
19880614 -228
19880628 -229
19880714 -228
19880728 -231
19880814 -231
19880828 -227
19880914 -228
19880928 -226
19881014 -225
19881028 -225
19881114 -230
19881128 -228
19881214 -225
19881228 -223
19890114 -223
19890128 -224
19890214 -223
19890228 -221
19890314 -223
19890328 -221
19890414 -222
19890428 -224
19890514 -226
19890528 -229
19890614 -229
19890628 -228
19890714 -229
19890728 -236
19890814 -237
19890828 -238
19890914 -240
19890928 -239
19891014 -238
19891028 -236
19891114 -234
19891128 -233
19891214 -232
19891228 -233
19900115 -231
19900127 -226
19900214 -224
19900228 -225
19900314 -228
19900328 -229
19900414 -229
19900428 -230
19900514 -234
19900528 -237
19900616 -238
19900630 -237
19900716 -241
19900730 -243
19900814 -242
19900828 -241
19900904 -241
19900915 -239
19900929 -238
19901014 -238
19901030 -236
19901115 -234
19901128 -232
19901215 -233
19901228 -234
19910114 -232
19910128 -230
19910214 -228
19910228 -227
19910314 -226
19910328 -233
19910414 -237
19910428 -237
19910514 -246
19910528 -247
19910614 -245
19910628 -238
19910714 -237
19910728 -240
19910814 -245
19910828 -247
19910914 -248
19910928 -245
19911014 -245
19911028 -244
19911114 -234
19911128 -234
19911214 -238
19911228 -237
19920114 -235
19920128 -237
19920214 -234
19920228 -237
19920314 -234
19920328 -232
19920414 -237
19920428 -237
19920514 -238
19920528 -243
19920614 -245
19920628 -248
19920714 -245
19920728 -250
19920914 -237
19920928 -240
19921014 -239
19921028 -233
19921114 -233
19921128 -230
19921214 -229
19921228 -231
19930114 -232
19930128 -230
19930214 -234
19930228 -234
19930314 -238
19930328 -239
19930414 -240
19930428 -241
19930514 -244
19930528 -244
19930614 -245
19930628 -247
19930714 -244
19930728 -238
19930814 -238
19930828 -239
19930914 -236
19930928 -234
19931014 -233
19931028 -236
19931114 -233
19931128 -233
19931214 -231
19931228 -223
19940114 -224
19940128 -228
19940228 -230
19940314 -232
19940328 -232
19940414 -231
19940428 -235
19940514 -236
19940528 -239
19940530 -236
19940614 -239
19940628 -242
19940714 -244
19940728 -247
19940814 -245
19940828 -248
19940914 -240
19940928 -240
19941014 -240
19941028 -232
19941114 -232
19941128 -234
19941214 -233
19941228 -228
19950114 -227
19950128 -224
19950214 -224
19950228 -223
19950314 -226
19950328 -228
19950414 -235
19950428 -235
19950514 -239
19950528 -240
19950614 -240
19950628 -242
19950714 -244
19950728 -247
19950814 -253
19950828 -254
19950914 -252
19950928 -249
19951014 -248
19951028 -249
19951114 -247
19951128 -249
19951214 -246
19951228 -244
19960114 -247
19960128 -246
19960214 -246
19960228 -243
19960314 -244
19960328 -244
19960414 -247
19960428 -248
19960514 -250
19960528 -249
19960614 -254
19960628 -254
19960714 -253
19960728 -253
19960814 -251
19960828 -249
19960914 -248
19960928 -248
19961014 -247
19961028 -246
19961114 -241
19961128 -234
19961214 -238
19970128 -247
19970214 -237
19970228 -239
19970314 -241
19970328 -239
19970414 -244
19970428 -243
19970514 -244
19970528 -242
19970614 -244
19970628 -243
19970714 -244
19970728 -241
19970814 -247
19970828 -244
19970914 -249
19970928 -248
19971014 -244
19971028 -247
19971114 -245
19971128 -245
19971214 -244
19971228 -239
19980114 -236
19980128 -236
19980214 -241
19980228 -240
19980314 -234
19980328 -236
19980414 -236
19980428 -234
19980514 -240
19980528 -240
19980614 -235
19980628 -237
19980714 -239
19980728 -240
19980814 -244
19980828 -244
19980914 -236
19980928 -236
19981014 -236
19981028 -230
19981114 -227
19981128 -232
19981214 -232
19981228 -228
19990114 -228
19990128 -227
19990214 -234
19990228 -230
19990314 -230
19990328 -232
19990414 -229
19990428 -224
19990514 -236
19990528 -241
19990614 -241
19990628 -241
19990714 -244
19990728 -247
19990814 -244
19990828 -244
19990914 -246
19990928 -244
19991014 -242
19991028 -243
19991114 -241
19991128 -238
19991214 -231
19991228 -231
20000114 -234
20000128 -235
20000214 -235
20000228 -232
20000314 -230
20000328 -232
20000414 -234
20000428 -239
20000514 -244
20000528 -239
20000614 -240
20000628 -244
20000714 -238
20000728 -241
20000814 -244
20000828 -246
20000914 -247
20000928 -244
20001014 -240
20001028 -237
20001114 -236
20001128 -233
20001214 -232
20001228 -231
20010114 -235
20010128 -234
20010214 -234
20010228 -232
20010314 -232
20010328 -234
20010414 -236
20010428 -232
20010514 -238
20010528 -243
20010614 -246
20010628 -250
20010714 -247
20010728 -249
20010814 -246
20010828 -246
20010914 -239
20010928 -234
20011014 -237
20011028 -240
20011114 -241
20011128 -236
20011228 -226
20020114 -236
20020128 -229
20020214 -232
20020228 -228
20020314 -234
20020328 -236
20020414 -239
20020428 -238
20020514 -244
20020528 -244
20020614 -245
20020628 -245
20020714 -246
20020728 -248
20020814 -246
20020828 -244
20020914 -245
20020928 -247
20021014 -245
20021028 -243
20021114 -236
20021128 -239
20021214 -241
20021228 -235
20030114 -235
20030128 -234
20030214 -236
20030228 -237
20030314 -239
20030328 -241
20030414 -242
20030428 -242
20030514 -243
20030528 -242
20030614 -248
20030628 -249
20030714 -252
20030728 -254
20030814 -259
20030828 -259
20030914 -257
20030928 -256
20031014 -256
20031028 -249
20031114 -251
20031128 -248
20031214 -246
20031228 -241
20040114 -239
20040128 -237
20040214 -237
20040228 -239
20040314 -241
20040328 -239
20040414 -244
20040428 -243
20040514 -247
20040528 -252
20040614 -251
20040628 -251
20040714 -248
20040728 -249
20040814 -247
20040828 -241
20040914 -243
20040928 -243
20041014 -242
20041028 -243
20041114 -244
20041128 -238
20041214 -242
20041228 -236
20050114 -241
20050128 -236
20050214 -233
20050228 -236
20050314 -239
20050328 -240
20050414 -238
20050428 -240
20050514 -243
20050528 -238
20050614 -244
20050628 -250
20050714 -250
20050728 -245
20050814 -241
20050828 -242
20050914 -244
20050928 -246
20051014 -245
20051028 -244
20051114 -243
20051128 -239
20051214 -240
20051228 -239
20060114 -239
20060128 -240
20060214 -240
20060228 -237
20060314 -238
20060328 -236
20060414 -239
20060428 -244
20060514 -247
20060528 -242
20060614 -245
20060628 -247
20060714 -255
20060728 -258
20060814 -248
20060828 -241
20060914 -242
20060928 -245
20061014 -243
20061028 -243
20061114 -237
20061128 -237
20061214 -235
20061228 -237
20070114 -235
20070128 -234
20070214 -231
20070228 -231
20070314 -232
20070328 -232
20070414 -238
20070428 -243
20070514 -239
20070528 -240
20070614 -241
20070628 -239
20070714 -235
20070728 -230
20070814 -237
20070828 -242
20070914 -239
20070928 -238
20071014 -239
20071028 -240
20071114 -239
20071128 -240
20071214 -238
20071228 -237
20080114 -234
20080128 -236
20080214 -238
20080228 -239
20080314 -236
20080328 -233
20080414 -238
20080428 -238
20080514 -242
20080528 -241
20080614 -245
20080628 -248
20080714 -248
20080728 -247
20080814 -243
20080828 -242
20080914 -241
20080928 -241
20081014 -240
20081029 -236
20081114 -236
20081129 -233
20081215 -233
20081227 -237
20090115 -237
20090128 -233
20090216 -234
20090228 -234
20090314 -237
20090328 -232
20090430 -241
20090514 -244
20090530 -244
