174
2
date -9999
head -9999
19710129 -454
19710215 -453
19710301 -453
19710315 -454
19710330 -454
19710417 -454
19710429 -429
19710513 -399
19710612 -333
19710628 -310
19710715 -322
19710728 -323
19710813 -313
19710827 -309
19710914 -318
19710928 -316
19711014 -319
19711028 -317
19711115 -323
19711129 -313
19711214 -312
19711228 -310
19720114 -308
19720128 -308
19720214 -290
19720228 -283
19720314 -262
19720328 -256
19720414 -255
19720428 -255
19720515 -257
19720529 -259
19720615 -259
19720628 -261
19720714 -258
19720728 -269
19720814 -266
19720828 -270
19720914 -270
19720928 -286
19721013 -283
19721027 -260
19721114 -257
19721128 -260
19721214 -263
19721228 -262
19730115 -253
19730129 -258
19730214 -251
19730228 -253
19730316 -259
19730328 -258
19730413 -257
19730427 -257
19730514 -258
19730528 -257
19730614 -268
19730628 -271
19730713 -272
19730727 -269
19730814 -275
19730828 -278
19730914 -277
19730928 -269
19731015 -267
19731029 -266
19731114 -263
19731128 -262
19731214 -259
19731228 -259
19740114 -257
19740228 -260
19740314 -257
19740328 -259
19740416 -264
19740429 -265
19740514 -271
19740528 -267
19740614 -260
19740628 -265
19740715 -262
19740729 -263
19740814 -266
19740828 -265
19740913 -264
19740927 -264
19741014 -263
19741028 -258
19741114 -256
19741128 -254
19741213 -253
19741227 -252
19750114 -250
19750128 -249
19750214 -258
19750228 -261
19750314 -261
19750327 -262
19750414 -260
19750428 -265
19750514 -265
19750528 -265
19750614 -264
19750628 -268
19750714 -269
19750728 -270
19750814 -270
19750828 -263
19750915 -271
19750929 -273
19751014 -273
19751028 -266
19751114 -261
19751128 -255
19751215 -256
19751229 -254
19760113 -252
19760128 -252
19760213 -250
19760227 -246
19760314 -249
19760328 -252
19760414 -251
19760428 -258
19760514 -268
19760528 -265
19760628 -269
19760714 -275
19760728 -269
19760814 -272
19760828 -271
19760914 -269
19760928 -272
19761014 -275
19761028 -271
19761115 -273
19761129 -270
19761214 -267
19761228 -264
19770114 -263
19770128 -266
19770214 -267
19770228 -268
19770314 -262
19770328 -263
19770414 -264
19770428 -265
19770516 -264
19770531 -266
19770614 -269
19770628 -272
19770714 -275
19770728 -269
19770815 -264
19770829 -267
19770914 -272
19770929 -274
19771014 -274
19771028 -276
19771114 -271
19771128 -267
19771214 -266
19771228 -263
19780114 -261
19780128 -258
19780214 -259
19780228 -260
19780314 -259
19780328 -258
19780417 -256
19780428 -257
19780515 -261
19780529 -265
19780615 -265
