1054
2
date -9999
head -9999
19640929 -265
19641029 -258
19641114 -255
19641128 -252
19641215 -247
19641229 -249
19641231 -248
19650115 -245
19650129 -248
19650215 -254
19650303 -253
19650316 -256
19650331 -257
19650415 -256
19650515 -251
19650529 -256
19650615 -259
19650701 -260
19650716 -259
19650729 -257
19650814 -261
19650828 -261
19650915 -260
19650929 -263
19651015 -264
19651029 -266
19651116 -265
19651130 -252
19651215 -248
19651229 -246
19660101 -247
19660129 -252
19660215 -250
19660228 -250
19660315 -255
19660328 -253
19660415 -251
19660501 -254
19660515 -257
19660528 -262
19660615 -269
19660629 -259
19660715 -260
19660729 -255
19660817 -254
19660905 -259
19660915 -262
19660929 -262
19661015 -261
19661101 -264
19661115 -261
19661215 -242
19661229 -247
19670101 -246
19670113 -245
19670127 -249
19670214 -252
19670221 -246
19670315 -254
19670329 -251
19670415 -256
19670429 -258
19670516 -260
19670601 -261
19670616 -263
19670629 -266
19670715 -271
19670729 -272
19670815 -266
19670829 -269
19670917 -267
19671001 -265
19671028 -262
19671115 -255
19671215 -255
19680115 -243
19680129 -252
19680214 -253
19680228 -256
19680314 -257
19680328 -262
19680416 -261
19680429 -264
19680514 -264
19680528 -266
19680614 -269
19680628 -267
19680714 -265
19680729 -279
19680814 -259
19680830 -261
19680913 -264
19680927 -259
19681014 -254
19681028 -257
19681114 -259
19681128 -260
19681213 -259
19681227 -260
19690114 -256
19690128 -257
19690214 -252
19690228 -253
19690314 -256
19690328 -262
19690414 -262
19690428 -261
19690528 -263
19690613 -266
19690627 -269
19690714 -270
19690728 -273
19690814 -265
19690828 -265
19690915 -266
19690929 -271
19691014 -273
19691028 -273
19691114 -268
19691128 -265
19691215 -260
19691229 -259
19700128 -261
19700213 -258
19700227 -259
19700313 -260
19700326 -258
19700414 -262
19700428 -263
19700514 -266
19700528 -269
19700615 -276
19700629 -275
19700714 -272
19700728 -271
19700814 -273
19700828 -277
19700914 -276
19700928 -277
19701014 -275
19701028 -269
19701113 -264
19701127 -262
19701214 -262
19701228 -260
19710114 -262
19710128 -262
19710215 -258
19710301 -263
19710315 -263
19710329 -264
19710414 -268
19710428 -270
19710514 -266
19710528 -258
19710614 -256
19710628 -250
19710714 -249
19710728 -251
19710813 -252
19710827 -251
19710914 -254
19710928 -254
19711014 -255
19711028 -256
19711115 -256
19711129 -248
19711214 -249
19711228 -246
19720114 -243
19720128 -241
19720214 -240
19720228 -237
19720314 -236
19720328 -234
19720414 -233
19720428 -237
19720515 -235
19720529 -234
19720614 -245
19720628 -244
19720714 -237
19720728 -235
19720814 -235
19720828 -235
19720914 -236
19720928 -240
19721014 -242
19721027 -243
19721114 -232
19721215 -231
19721229 -234
19730114 -234
19730128 -232
19730215 -230
19730228 -228
19730314 -233
19730328 -235
19730414 -234
19730428 -232
19730514 -232
19730528 -242
19730614 -236
19730629 -241
19730714 -243
19730728 -240
19730815 -244
19730828 -246
19730914 -244
19730929 -245
19731015 -239
19731029 -241
19731114 -234
19731128 -236
19731214 -229
19731228 -230
19740114 -229
19740128 -230
19740215 -231
19740228 -232
19740314 -232
19740328 -233
19740415 -236
19740429 -239
19740514 -243
19740528 -243
19740614 -244
19740628 -244
19740715 -241
19740729 -243
19740814 -243
19740829 -246
19740914 -242
19740928 -236
19741014 -232
19741028 -228
19741115 -222
19741128 -222
19741214 -224
19741228 -222
19750114 -221
19750128 -220
19750214 -229
19750228 -231
19750314 -231
19750329 -230
19750414 -228
19750428 -234
19750514 -235
19750528 -238
19750614 -239
19750628 -238
19750714 -239
19750728 -241
19750814 -246
19750828 -246
19750915 -245
19750929 -245
19751014 -244
19751028 -245
19751114 -243
19751128 -243
19751214 -238
19751229 -236
19760114 -232
19760128 -226
19760214 -228
19760228 -234
19760314 -232
19760328 -226
19760414 -236
19760428 -241
19760514 -242
19760528 -246
19760614 -249
19760628 -249
19760714 -251
19760728 -250
19760814 -252
19760828 -252
19760914 -246
19760928 -246
19761014 -242
19761028 -242
19761115 -241
19761129 -242
19761214 -238
19761228 -236
19770114 -231
19770128 -229
19770214 -229
19770228 -231
19770314 -234
19770328 -233
19770414 -232
19770428 -234
19770514 -227
19770528 -239
19770614 -240
19770629 -242
19770714 -242
19770728 -241
19770815 -238
19770829 -234
19770914 -238
19770928 -241
19771014 -240
19771028 -241
19771114 -234
19771128 -229
19771214 -229
19771228 -230
19780114 -228
19780128 -226
19780214 -229
19780228 -231
19780314 -231
19780329 -231
19780414 -232
19780428 -233
19780516 -231
19780529 -239
19780614 -239
19780628 -240
19780714 -240
19780728 -241
19780814 -242
19780828 -243
19780914 -241
19780928 -239
19781014 -240
19781028 -241
19781114 -232
19781128 -231
19781214 -233
19781228 -226
19790228 -226
19790314 -226
19790328 -226
19790414 -230
19790428 -231
19790514 -232
19790528 -233
19790614 -226
19790628 -232
19790714 -230
19790728 -236
19790814 -238
19790828 -240
19790914 -242
19790928 -246
19791015 -246
19791029 -245
19791114 -242
19791128 -238
19791214 -230
19791228 -230
19800114 -221
19800128 -222
19800214 -223
19800228 -224
19800314 -221
19800328 -221
19800414 -223
19800428 -224
19800513 -231
19800528 -233
19800614 -233
19800628 -233
19800714 -227
19800728 -227
19800814 -230
19800828 -233
19800913 -232
19800929 -236
19801014 -235
19801028 -232
19801114 -226
19801128 -218
19801214 -222
19801229 -223
19810114 -222
19810129 -221
19810214 -222
19810228 -222
19810314 -213
19810328 -214
19810414 -226
19810428 -228
19810514 -228
19810528 -227
19810615 -230
19810629 -230
19810714 -233
19810728 -229
19810814 -230
19810829 -229
19810914 -233
19810924 -234
19811014 -226
19811028 -224
19811114 -222
19811128 -220
19811214 -216
19811229 -214
19820114 -220
19820129 -219
19820213 -221
19820301 -221
19820314 -222
19820329 -224
19820414 -226
19820428 -230
19820514 -232
19820529 -234
19820614 -235
19820628 -236
19820714 -237
19820728 -239
19820814 -239
19820828 -238
19820914 -238
19820929 -238
19821014 -235
19821028 -229
19821114 -227
19821127 -226
19821214 -226
19821228 -225
19830114 -221
19830129 -221
19830214 -220
19830301 -223
19830314 -224
19830328 -220
19830414 -220
19830428 -219
19830513 -216
19830528 -219
19830614 -219
19830628 -227
19830714 -233
19830729 -236
19830815 -239
19830830 -238
19830914 -233
19830929 -231
19831014 -231
19831028 -232
19831114 -235
19831129 -228
19831214 -222
19831228 -226
19840114 -226
19840131 -227
19840214 -222
19840228 -220
19840314 -220
19840328 -220
19840414 -224
19840428 -218
19840514 -220
19840528 -226
19840614 -226
19840628 -229
19840714 -230
19840728 -232
19840814 -233
19840828 -234
19840914 -232
19840929 -226
19841015 -226
19841029 -222
19841114 -221
19841128 -221
19841214 -220
19841228 -220
19850128 -224
19850214 -226
19850228 -224
19850314 -227
19850328 -228
19850414 -224
19850428 -223
19850514 -227
19850528 -228
19850614 -231
19850628 -230
19850714 -232
19850728 -230
19850814 -229
19850828 -227
19850914 -227
19850928 -228
19851014 -231
19851028 -232
19851114 -227
19851128 -226
19851214 -225
19851228 -218
19860114 -219
19860128 -215
19860214 -223
19860228 -227
19860314 -228
19860328 -218
19860414 -225
19860428 -226
19860514 -226
19860528 -230
19860614 -231
19860628 -235
19860714 -237
19860728 -236
19860814 -239
19860828 -237
19860914 -235
19860928 -236
19861014 -237
19861028 -236
19861114 -227
19861128 -226
19861215 -227
19861229 -221
19870128 -224
19870214 -224
19870228 -223
19870314 -226
19870328 -223
19870414 -226
19870428 -228
19870514 -221
19870528 -227
19870614 -226
19870628 -225
19870714 -227
19870728 -228
19870814 -229
19870828 -226
19870914 -224
19870928 -225
19871014 -226
19871028 -225
19871114 -225
19871128 -226
19871214 -224
19871228 -221
19880214 -229
19880228 -228
19880314 -217
19880328 -221
19880414 -218
19880428 -216
19880514 -226
19880528 -228
19880614 -226
19880628 -228
19880714 -227
19880728 -232
19880814 -232
19880828 -226
19880914 -228
19880928 -225
19881014 -224
19881028 -225
19881114 -230
19881128 -229
19881214 -224
19881228 -224
19890114 -223
19890128 -224
19890214 -222
19890228 -221
19890314 -223
19890328 -222
19890414 -223
19890428 -224
19890514 -226
19890528 -228
19890614 -229
19890628 -227
19890714 -231
19890728 -235
19890814 -236
19890828 -237
19890914 -239
19890928 -238
19891014 -237
19891028 -236
19891114 -234
19891128 -232
19891214 -233
19891228 -232
19900115 -230
19900127 -225
19900214 -223
19900228 -224
19900314 -227
19900328 -230
19900414 -229
19900428 -230
19900514 -233
19900528 -236
19900616 -238
19900630 -237
19900716 -241
19900730 -243
19900814 -242
19900828 -241
19900904 -240
19900915 -239
19900929 -240
19901014 -238
19901030 -236
19901115 -235
19901128 -234
19901215 -233
19901228 -235
19910114 -234
19910128 -232
19910214 -230
19910228 -229
19910314 -227
19910328 -235
19910414 -239
19910428 -241
19910514 -238
19910528 -240
19910614 -238
19910628 -232
19910714 -231
19910728 -233
19910814 -238
19910828 -240
19910914 -242
19910928 -238
19911014 -239
19911028 -237
19911114 -228
19911128 -228
19911214 -231
19911228 -230
19920114 -229
19920128 -230
19920214 -227
19920228 -229
19920314 -227
19920328 -226
19920414 -230
19920428 -229
19920514 -231
19920528 -236
19920614 -238
19920628 -241
19920714 -238
19920728 -243
19920914 -232
19920928 -234
19921014 -232
19921028 -226
19921114 -227
19921128 -224
19921214 -223
19921228 -226
19930114 -225
19930128 -223
19930214 -228
19930228 -226
19930314 -231
19930328 -231
19930414 -233
19930428 -234
19930514 -237
19930528 -237
19930614 -237
19930628 -238
19930714 -236
19930728 -231
19930814 -231
19930828 -233
19930914 -227
19930928 -228
19931014 -226
19931028 -230
19931114 -226
19931128 -227
19931214 -223
19931228 -217
19940114 -218
19940128 -220
19940228 -221
19940314 -224
19940328 -224
19940414 -225
19940428 -227
19940514 -228
19940528 -231
19940530 -231
19940614 -231
19940628 -235
19940714 -237
19940728 -240
19940814 -240
19940828 -240
19940914 -233
19940928 -233
19941014 -233
19941028 -224
19941114 -225
19941128 -227
19941214 -226
19941228 -221
19950114 -220
19950128 -217
19950214 -217
19950228 -216
19950314 -219
19950328 -221
19950414 -227
19950428 -228
19950514 -231
19950528 -233
19950614 -233
19950628 -235
19950714 -238
19950728 -240
19950814 -245
19950828 -247
19950914 -246
19950928 -242
19951014 -242
19951028 -242
19951114 -240
19951128 -242
19951214 -240
19951228 -237
19960114 -240
19960128 -239
19960214 -239
19960228 -236
19960314 -237
19960328 -237
19960414 -240
19960428 -241
19960514 -243
19960528 -242
19960614 -247
19960628 -247
19960714 -246
19960728 -247
19960814 -247
19960828 -245
19960914 -241
19960928 -241
19961014 -243
19961028 -239
19961114 -234
19961128 -228
19961214 -232
19970128 -239
19970214 -230
19970228 -232
19970314 -234
19970328 -233
19970414 -239
19970428 -236
19970514 -237
19970528 -235
19970614 -237
19970628 -236
19970714 -237
19970728 -237
19970814 -242
19970828 -238
19970914 -242
19970928 -241
19971014 -237
19971028 -239
19971114 -239
19971128 -238
19971214 -237
19971228 -232
19980114 -229
19980128 -229
19980214 -234
19980228 -232
19980314 -227
19980328 -230
19980414 -228
19980428 -227
19980514 -233
19980528 -233
19980614 -228
19980628 -230
19980714 -231
19980728 -233
19980814 -237
19980828 -237
19980914 -230
19980928 -230
19981014 -230
19981028 -222
19981114 -220
19981128 -227
19981214 -225
19981228 -221
19990114 -220
19990128 -220
19990214 -228
19990228 -223
19990314 -223
19990328 -225
19990414 -222
19990428 -227
19990514 -229
19990528 -234
19990614 -234
19990628 -235
19990714 -237
19990728 -240
19990814 -237
19990828 -237
19990914 -239
19990928 -237
19991014 -235
19991028 -236
19991114 -234
19991128 -231
19991214 -224
19991228 -224
20000114 -227
20000128 -228
20000214 -228
20000228 -225
20000314 -223
20000328 -225
20000414 -227
20000428 -232
20000514 -237
20000528 -232
20000614 -233
20000628 -237
20000714 -231
20000728 -234
20000814 -237
20000828 -239
20000914 -240
20000928 -237
20001014 -233
20001028 -230
20001114 -229
20001128 -226
20001214 -225
20001228 -224
20010114 -228
20010128 -227
20010214 -227
20010228 -225
20010314 -225
20010328 -227
20010414 -229
20010428 -225
20010514 -231
20010528 -236
20010614 -239
20010628 -243
20010714 -240
20010728 -242
20010814 -239
20010828 -240
20010914 -232
20010928 -227
20011014 -230
20011028 -233
20011114 -234
20011128 -229
20011228 -220
20020114 -229
20020128 -222
20020214 -225
20020228 -221
20020314 -227
20020328 -229
20020414 -232
20020428 -231
20020514 -237
20020528 -237
20020614 -238
20020628 -238
20020714 -239
20020728 -241
20020814 -239
20020828 -237
20020914 -238
20020928 -240
20021014 -238
20021028 -236
20021114 -229
20021128 -232
20021214 -234
20021228 -228
20030114 -228
20030128 -227
20030214 -229
20030228 -230
20030314 -232
20030328 -234
20030414 -235
20030428 -235
20030514 -236
20030528 -235
20030614 -241
20030628 -242
20030714 -244
20030728 -247
20030814 -252
20030828 -252
20030914 -250
20030928 -249
20031014 -249
20031028 -242
20031114 -244
20031128 -241
20031214 -239
20031228 -234
20040114 -232
20040128 -230
20040214 -230
20040228 -232
20040314 -234
20040328 -232
20040414 -237
20040428 -236
20040514 -240
20040528 -245
20040614 -244
20040628 -244
20040714 -241
20040728 -242
20040814 -240
20040828 -235
20040914 -236
20040928 -236
20041014 -235
20041028 -236
20041114 -237
20041128 -233
20041214 -235
20041228 -229
20050114 -234
20050128 -229
20050214 -226
20050228 -229
20050314 -232
20050328 -233
20050414 -231
20050428 -232
20050514 -236
20050528 -237
20050614 -237
20050628 -243
20050714 -243
20050728 -238
20050814 -234
20050828 -235
20050914 -237
20050928 -239
20051014 -238
20051028 -237
20051114 -236
20051128 -232
20051214 -233
20051228 -232
20060114 -232
20060128 -233
20060214 -233
20060228 -230
20060314 -231
20060328 -230
20060414 -232
20060428 -237
20060514 -240
20060528 -235
20060614 -238
20060628 -239
20060714 -248
20060728 -251
20060814 -241
20060828 -234
20060914 -235
20060928 -238
20061014 -237
20061028 -236
20061114 -230
20061128 -230
20061214 -228
20061228 -230
20070114 -228
20070128 -227
20070214 -225
20070228 -225
20070314 -226
20070328 -226
20070414 -231
20070428 -237
20070514 -232
20070528 -233
20070614 -235
20070628 -232
20070714 -232
20070728 -232
20070814 -232
20070828 -236
20070914 -241
20070928 -241
20071014 -242
20071028 -243
20071114 -242
20071128 -243
20071214 -241
20071228 -240
20080114 -238
20080128 -240
20080214 -242
20080228 -242
20080314 -240
20080328 -236
20080414 -241
20080428 -241
20080514 -245
20080528 -244
20080614 -247
20080628 -251
20080714 -251
20080728 -248
20080814 -241
20080828 -245
20080914 -245
20080928 -244
20081014 -242
20081029 -240
20081114 -239
20081129 -237
20081215 -237
20081227 -239
20090115 -238
20090128 -238
20090216 -236
20090228 -236
20090314 -238
20090328 -216
20090430 -243
20090514 -243
20090530 -247
