568
2
date -9999
head -9999
19710129 -326
19710215 -309
19710301 -303
19710315 -302
19710329 -303
19710414 -306
19710430 -303
19710515 -302
19710529 -294
19710614 -267
19710628 -261
19710716 -263
19710731 -263
19710816 -260
19710828 -259
19710918 -265
19710928 -266
19711014 -262
19711029 -264
19711120 -258
19711130 -253
19711214 -257
19711228 -253
19720117 -252
19720201 -249
19720214 -248
19720228 -243
19720314 -234
19720407 -230
19720414 -228
19720428 -231
19720517 -231
19720529 -233
19720614 -232
19720628 -233
19720714 -233
19720728 -234
19720814 -233
19720830 -237
19720914 -238
19720928 -244
19721020 -237
19721030 -236
19721114 -232
19721128 -230
19721214 -231
19721228 -233
19730116 -230
19730129 -229
19730221 -230
19730228 -231
19730315 -224
19730329 -231
19730413 -231
19730427 -230
19730514 -230
19730610 -234
19730614 -236
19730717 -240
19730727 -239
19730814 -241
19730828 -246
19730921 -241
19730928 -242
19731015 -239
19731029 -235
19731114 -234
19731128 -232
19731214 -230
19731228 -227
19740120 -228
19740130 -226
19740216 -228
19740228 -228
19740314 -229
19740401 -232
19740411 -233
19740429 -235
19740514 -236
19740528 -239
19740614 -238
19740628 -237
19740717 -234
19740729 -234
19740814 -235
19740828 -236
19740913 -232
19740930 -230
19741014 -230
19741028 -231
19741114 -231
19741130 -226
19741213 -225
19741230 -224
19750228 -229
19750403 -221
19750428 -221
19750512 -222
19750528 -224
19750613 -228
19750614 -230
19750627 -230
19750728 -231
19750814 -231
19750827 -231
19750915 -232
19750929 -232
19751014 -233
19751028 -231
19751110 -230
19751128 -225
19751215 -222
19751228 -221
19760114 -219
19760128 -219
19760213 -218
19760227 -218
19760315 -216
19760329 -220
19760414 -223
19760428 -229
19760514 -231
19760528 -236
19760614 -237
19760628 -238
19760714 -238
19760728 -238
19760814 -238
19760828 -239
19760914 -236
19760928 -234
19761014 -232
19761028 -231
19761115 -230
19761128 -229
19761214 -228
19761228 -225
19770114 -221
19770128 -222
19770214 -223
19770228 -224
19770314 -223
19770328 -223
19770414 -222
19770428 -224
19770513 -226
19770527 -227
19770614 -231
19770628 -229
19770714 -236
19770728 -228
19770815 -224
19770914 -230
19770928 -232
19771014 -229
19771028 -226
19771114 -221
19771128 -221
19771214 -221
19771228 -220
19780113 -219
19780127 -219
19780214 -221
19780228 -221
19780314 -221
19780328 -221
19780414 -221
19780428 -221
19780516 -223
19780529 -227
19780614 -231
19780628 -229
19780714 -227
19780728 -225
19780814 -222
19780828 -224
19780913 -226
19780927 -231
19781013 -231
19781027 -231
19781114 -230
19781128 -229
19781214 -229
19781228 -227
19790115 -224
19790129 -221
19790214 -219
19790228 -217
19790314 -216
19790328 -214
19790413 -213
19790427 -214
19790514 -212
19790528 -213
19790614 -215
19790628 -216
19790713 -217
19790727 -221
19790814 -225
19790828 -226
19790914 -229
19790928 -231
19791015 -229
19791029 -227
19791114 -225
19791128 -224
19791214 -222
19791228 -221
19800114 -219
19800128 -216
19800214 -216
19800228 -218
19800314 -218
19800328 -217
19800414 -220
19800428 -224
19800514 -228
19800528 -229
19800614 -229
19800628 -228
19800714 -227
19800728 -226
19800814 -225
19800828 -227
19800915 -228
19800929 -231
19801014 -230
19801028 -229
19801114 -226
19801128 -224
19801214 -223
19801228 -220
19810114 -217
19810128 -217
19810214 -217
19810228 -216
19810313 -214
19810328 -218
19810414 -217
19810428 -218
19810514 -219
19810528 -221
19810614 -223
19810628 -224
19810714 -227
19810728 -227
19810814 -227
19810828 -229
19810914 -230
19810928 -230
19811015 -227
19811029 -225
19811112 -221
19820215 -219
19820301 -219
19820315 -220
19820329 -219
19820414 -218
19820428 -216
19820514 -218
19820528 -221
19820614 -223
19820628 -225
19820714 -229
19820728 -231
19820814 -231
19820828 -232
19820914 -233
19820928 -229
19821014 -221
19821028 -221
19821114 -219
19821128 -219
19821214 -217
19821228 -217
19830114 -216
19830128 -217
19830214 -218
19830228 -220
19830314 -220
19830328 -217
19830414 -216
19830428 -216
19830514 -215
19830528 -218
19830614 -222
19830628 -225
19830714 -227
19830816 -227
19830830 -227
19830913 -227
19830927 -227
19831011 -227
19831025 -227
19831113 -226
19831125 -225
19831213 -223
19831227 -220
19840113 -217
19840127 -217
19840214 -213
19840228 -214
19840314 -214
19840328 -215
19840412 -215
19840426 -215
19840510 -217
19840524 -218
19840614 -220
19840628 -221
19840715 -222
19840729 -222
19840814 -223
19840828 -224
19840913 -222
19840927 -221
19841014 -219
19841029 -218
19841114 -216
19841128 -216
19841214 -215
19841228 -214
19850114 -217
19850128 -218
19850214 -220
19850228 -221
19850314 -220
19850328 -219
19850415 -219
19850429 -219
19850514 -221
19850528 -223
19850614 -223
19850628 -221
19850715 -221
19850729 -223
19850814 -224
19850828 -223
19850913 -222
19850927 -223
19851014 -224
19851028 -224
19851114 -223
19851128 -221
19851213 -219
19851227 -217
19860115 -212
19860128 -209
19860214 -208
19860228 -209
19860314 -211
19860327 -213
19860414 -215
19860428 -216
19860514 -218
19861021 -246
19861114 -244
19861128 -242
19861215 -240
19861228 -238
19870114 -246
19870128 -247
19870214 -243
19870227 -241
19870316 -246
19870328 -247
19870414 -242
19870429 -241
19870515 -239
19870528 -238
19870616 -240
19870629 -243
19870713 -245
19870728 -242
19870815 -243
19870829 -241
19870916 -244
19870928 -242
19871015 -243
19871029 -245
19871116 -242
19871128 -240
19871214 -236
19871230 -234
19880114 -235
19880128 -233
19880215 -233
19880229 -235
19880314 -230
19880328 -228
19880415 -232
19880429 -234
19880514 -235
19880528 -237
19880613 -238
19880628 -240
19880714 -239
19880729 -238
19880814 -239
19880829 -241
19880914 -240
19880928 -239
19881014 -241
19881027 -242
19881114 -240
19881128 -238
19881214 -238
19881228 -237
19890114 -237
19890128 -236
19890214 -237
19890228 -239
19890315 -239
19890328 -240
19890414 -239
19890428 -241
19890514 -242
19890528 -244
19890614 -245
19890628 -247
19890713 -249
19890729 -251
19890814 -254
19890828 -255
19901114 -249
19901128 -250
19901214 -250
19901228 -251
19910114 -249
19910128 -248
19910214 -248
19910227 -246
19910228 -246
19910314 -247
19910328 -250
19910414 -251
19910429 -252
19910515 -254
19910528 -255
19910614 -255
19910628 -253
19910713 -250
19910728 -250
19910814 -252
19910828 -254
19910915 -257
19910929 -256
19911014 -255
19911028 -253
19911114 -251
19911128 -249
19911213 -248
19911227 -250
19950123 -231
19950128 -227
19950214 -229
19950228 -230
19950314 -228
19950328 -231
19950513 -239
19950529 -243
19950615 -245
19950628 -246
19950714 -247
19950728 -249
19950814 -253
19950903 -256
19950914 -258
19950928 -257
19951014 -256
19951028 -255
19951114 -256
19951129 -256
19951214 -256
19951228 -257
19960114 -257
19960128 -256
19960214 -255
19960228 -254
19960314 -256
19960328 -257
19960415 -257
19960427 -257
19960514 -258
19960528 -259
19960614 -260
19960628 -260
19960714 -260
19960727 -260
19960814 -261
19960828 -260
19960914 -259
19960928 -258
19961014 -257
19961028 -253
19961114 -249
19961128 -247
19961213 -243
19961228 -247
19970114 -252
19970128 -254
19970214 -253
19970227 -249
19970314 -250
19970328 -254
19970414 -254
19970428 -252
19970514 -253
19970528 -249
19970614 -251
19970628 -252
19970714 -250
19970728 -253
19970814 -254
19970828 -258
19970914 -258
19970927 -259
19971014 -257
19971028 -256
19971114 -254
19971129 -251
19971214 -252
19971218 -255
19980114 -255
19980128 -256
19980214 -256
19980228 -247
19980314 -248
19980328 -243
19980414 -242
19980428 -245
19980514 -247
19980528 -249
19980614 -247
19980627 -245
19980714 -243
19980728 -246
19980814 -245
19980828 -241
19980914 -238
19980928 -237
19981014 -235
19981028 -233
19981114 -232
19981128 -234
19981214 -236
19981228 -233
19990114 -232
19990128 -234
19990215 -233
19990227 -234
19990315 -234
19990329 -236
19990414 -236
19990428 -237
19990507 -234
19990514 -238
19990528 -240
19990614 -248
19990628 -250
19990714 -252
19990728 -253
19990814 -247
19990828 -243
19990914 -245
19990928 -244
19991014 -243
19991028 -242
