230
2
date -9999
head -9999
19561214 -298
19561228 -304
19570114 -309
19570128 -309
19570214 -303
19570228 -305
19570314 -306
19570328 -301
19570415 -314
19570429 -321
19570514 -316
19570528 -321
19570614 -323
19570628 -324
19570715 -319
19570729 -318
19570814 -314
19570828 -303
19570914 -304
19570928 -256
19571014 -286
19571028 -302
19571114 -308
19571128 -315
19571214 -314
19571228 -315
19580114 -296
19580128 -297
19580214 -302
19580228 -288
19580314 -293
19580328 -308
19580414 -322
19580428 -331
19580514 -314
19580528 -328
19580614 -334
19580628 -329
19580714 -329
19580728 -324
19580814 -326
19580828 -328
19580915 -335
19580929 -333
19581014 -333
19581028 -334
19581114 -330
19581128 -336
19581215 -330
19581229 -323
19590114 -311
19590128 -323
19590214 -330
19590228 -330
19590314 -341
19590331 -340
19590414 -340
19590428 -340
19590514 -336
19590528 -337
19590615 -338
19590629 -335
19590714 -337
19590728 -337
19590814 -326
19590828 -330
19590914 -334
19590928 -338
19591014 -336
19591028 -338
19591114 -331
19591128 -333
19591214 -334
19591228 -329
19600114 -325
19600128 -324
19600215 -312
19600229 -317
19600314 -324
19600328 -327
19600414 -336
19600428 -338
19600514 -339
19600528 -333
19600614 -333
19600628 -340
19600714 -332
19600728 -331
19600814 -327
19600829 -324
19600914 -326
19600928 -322
19601014 -311
19601028 -305
19601114 -312
19601128 -283
19601214 -272
19601228 -294
19610114 -291
19610214 -295
19610228 -301
19610314 -309
19610328 -310
19610414 -318
19610428 -319
19610515 -322
19610529 -323
19610614 -329
19610628 -332
19610714 -334
19610728 -335
19610814 -332
19610828 -330
19610914 -321
19610927 -329
19611014 -333
19611028 -311
19611114 -315
19611128 -312
19611214 -281
19611228 -292
19620115 -306
19620129 -293
19620214 -290
19620228 -303
19620314 -302
19620328 -319
19620413 -315
19620427 -318
19620514 -323
19620528 -326
19620614 -330
19620628 -331
19620714 -338
19620727 -339
19620814 -339
19620828 -337
19620914 -337
19620928 -337
19621015 -338
19621029 -338
19621114 -335
19621128 -337
19621214 -333
19621228 -322
19630114 -335
19630128 -347
19630214 -357
19630228 -363
19630314 -358
19630328 -344
19630416 -340
19630429 -337
19630514 -335
19630528 -331
19630614 -334
19630628 -333
19630715 -336
19630729 -338
19630814 -342
19630828 -341
19630913 -327
19630927 -331
19631014 -330
19631028 -334
19631114 -334
19631128 -332
19631214 -330
19631227 -331
19640114 -343
19640128 -348
19640214 -345
19640228 -350
19640313 -351
19640326 -355
19640414 -355
19640428 -353
19640514 -351
19640614 -357
19640629 -356
19640714 -358
19640728 -360
19640814 -363
19640828 -362
19640914 -360
19640928 -361
19641014 -357
19641028 -341
19641113 -343
19641127 -348
19641214 -344
19641228 -336
19650114 -339
19650128 -338
19650215 -341
19650301 -347
19650315 -356
19650329 -358
19650414 -363
19650428 -364
19650514 -345
19650528 -351
19650614 -355
19650628 -359
19650714 -363
19650728 -366
19650813 -368
19650828 -372
19650914 -373
19650928 -369
19651014 -371
19651028 -371
19651115 -373
19651129 -366
19651214 -335
19651228 -326
19660114 -337
19660128 -356
19660214 -342
19660228 -334
19660314 -336
19660328 -346
19660414 -353
19660428 -356
19660513 -357
19660527 -359
19660614 -368
19660628 -370
19660714 -371
19660728 -358
