99
2
date -9999
head -9999
19910529 -227
19910614 -225
19910628 -219
19910714 -214
19910728 -216
19910816 -222
19910828 -225
19910929 -223
19911014 -219
19911028 -217
19911114 -206
19911128 -209
19911214 -212
19911228 -212
19920128 -212
19920215 -211
19920228 -215
19920314 -210
19920328 -209
19920414 -212
19920429 -217
19920515 -218
19920529 -220
19920614 -221
19920629 -227
19920714 -224
19920728 -225
19920914 -213
19920928 -216
19921013 -221
19921028 -207
19921115 -202
19921129 -202
19921215 -206
19921228 -208
19930115 -207
19930130 -207
19930214 -211
19930228 -212
19930315 -213
19930328 -217
19930414 -217
19930430 -222
19930521 -217
19930529 -222
19930615 -222
19930628 -222
19930716 -220
19930728 -209
19930815 -208
19930830 -212
19930914 -210
19930929 -207
19931015 -207
19931030 -211
19931118 -207
19931215 -202
19931228 -205
19940116 -204
19940214 -209
19940301 -212
19940314 -213
19940328 -212
19940414 -210
19940429 -212
19940516 -217
19940530 -218
19940615 -217
19940630 -221
19940715 -224
19940729 -226
19940830 -225
19940915 -217
19940928 -215
19941016 -216
19941030 -210
19941214 -214
19941228 -203
19950114 -210
19950131 -208
19950214 -203
19950228 -213
19950314 -207
19950330 -221
19950414 -222
19950429 -223
19950514 -224
19950529 -225
19950619 -222
19950628 -223
19950714 -225
19950811 -235
19950828 -237
19950916 -238
19950930 -239
19951014 -229
19951029 -232
19951215 -230
19951229 -231
