712
2
date -9999
head -9999
19660815 -383
19660829 -407
19660914 -407
19660928 -415
19661014 -418
19661028 -404
19661114 -401
19661128 -385
19661214 -359
19661228 -335
19670113 -342
19670127 -348
19670214 -357
19670228 -358
19670314 -364
19670328 -364
19670414 -374
19670428 -375
19670516 -378
19670529 -378
19670614 -384
19670628 -391
19670714 -392
19670728 -395
19670814 -391
19670828 -391
19670914 -393
19670928 -389
19671013 -389
19671027 -387
19671114 -381
19671128 -369
19671214 -358
19671228 -347
19680115 -341
19680129 -345
19680214 -346
19680228 -353
19680314 -365
19680328 -374
19680416 -379
19680429 -384
19680514 -391
19680528 -388
19680614 -392
19680628 -392
19680715 -391
19680729 -392
19680814 -382
19680828 -385
19680913 -387
19680927 -386
19681014 -379
19681028 -376
19681114 -377
19681128 -383
19681213 -387
19681227 -386
19690114 -386
19690128 -383
19690214 -381
19690228 -380
19690314 -374
19690328 -378
19690414 -382
19690428 -384
19690514 -391
19690528 -391
19690616 -403
19690627 -399
19690714 -407
19690728 -410
19690815 -409
19690828 -402
19690915 -406
19690929 -403
19691014 -407
19691029 -416
19691114 -403
19691128 -397
19691215 -393
19691229 -389
19700114 -384
19700128 -384
19700213 -378
19700301 -369
19700313 -370
19700327 -375
19700414 -382
19700428 -386
19700514 -384
19700528 -392
19700615 -409
19700629 -413
19700714 -407
19700728 -401
19700815 -405
19700828 -411
19700914 -410
19700928 -410
19701014 -409
19701028 -405
19701116 -398
19701127 -390
19701214 -387
19701228 -386
19710114 -388
19710128 -391
19710215 -385
19710301 -387
19710315 -393
19710329 -385
19710414 -396
19710428 -400
19710514 -406
19710528 -399
19710614 -398
19710628 -393
19710714 -395
19710728 -396
19710813 -395
19710827 -399
19710914 -398
19710928 -399
19711014 -399
19711028 -405
19711115 -405
19711129 -399
19711214 -398
19711228 -389
19720114 -393
19720128 -391
19720214 -392
19720228 -384
19720314 -388
19720328 -382
19720414 -384
19720428 -378
19720515 -380
19720529 -375
19720614 -374
19720628 -377
19720714 -374
19720728 -376
19720814 -376
19720828 -375
19720914 -397
19720928 -383
19721016 -385
19721027 -406
19721114 -379
19721128 -375
19721214 -385
19721228 -376
19730115 -378
19730129 -382
19730214 -372
19730228 -370
19730314 -380
19730328 -371
19730414 -378
19730427 -378
19730514 -384
19730528 -380
19730614 -378
19730628 -376
19730713 -381
19730727 -375
19730814 -384
19730828 -389
19730917 -388
19731015 -386
19731029 -378
19731114 -371
19731128 -367
19731214 -362
19731228 -364
19740114 -362
19740128 -360
19740214 -367
19740301 -370
19740314 -371
19740328 -370
19740415 -372
19740429 -376
19740514 -376
19740528 -376
19740614 -376
19740628 -377
19740715 -379
19740728 -382
19740814 -383
19740828 -384
19740916 -388
19740930 -386
19741014 -375
19741028 -364
19741114 -349
19741128 -342
19741213 -336
19741227 -329
19750114 -334
19750128 -334
19750214 -343
19750228 -350
19750314 -357
19750327 -360
19750414 -359
19750428 -364
19750514 -363
19750528 -375
19750613 -388
19750627 -381
19750714 -386
19750728 -383
19750814 -392
19750828 -388
19750915 -391
19750930 -394
19751014 -392
19751028 -391
19751114 -393
19751128 -385
19751215 -383
19751229 -393
19760114 -375
19760128 -372
19760214 -376
19760228 -375
19760315 -375
19760329 -374
19760414 -379
19760428 -385
19760514 -389
19760528 -386
19760614 -386
19760628 -396
19760714 -395
19760728 -382
19760814 -397
19760827 -397
19760914 -391
19760928 -392
19761014 -387
19761028 -391
19761115 -395
19761129 -392
19761214 -386
19770114 -376
19770128 -374
19770214 -365
19770228 -363
19770314 -371
19770328 -379
19770414 -372
19770428 -375
19770513 -381
19770527 -381
19770614 -382
19770628 -381
19770714 -373
19770728 -376
19770815 -378
19770829 -375
19770914 -375
19770928 -377
19771014 -380
19771028 -379
19771114 -364
19771128 -339
19771214 -345
19771228 -345
19780113 -339
19780127 -334
19780228 -333
19780314 -334
19780328 -327
19780413 -327
19780428 -337
19780516 -333
19780529 -345
19780614 -349
19780629 -350
19780714 -329
19780728 -331
19780828 -339
19780914 -335
19780928 -333
19781014 -336
19781027 -336
19781114 -334
19781128 -331
19781214 -323
19781228 -312
19790115 -304
19790129 -306
19790314 -287
19790328 -286
19790414 -285
19790502 -286
19790514 -293
19790528 -301
19790614 -295
19790629 -299
19790713 -305
19790913 -321
19790928 -330
19791029 -329
19791114 -324
19791128 -320
19791214 -311
19791228 -305
19800114 -302
19800128 -306
19800214 -302
19800228 -308
19800314 -307
19800331 -309
19800414 -318
19800428 -321
19800514 -322
19800528 -326
19800613 -332
19800627 -340
19800814 -330
19800828 -320
19800915 -331
19800929 -333
19801014 -329
19801029 -322
19801114 -316
19801128 -314
19801215 -327
19801229 -323
19810114 -313
19810128 -306
19810213 -311
19810227 -319
19810313 -289
19810327 -296
19810414 -302
19810428 -315
19810514 -317
19810527 -316
19810616 -320
19810630 -322
19810714 -322
19810728 -321
19810814 -324
19810828 -330
19810914 -331
19810928 -324
19811014 -329
19811028 -315
19811113 -313
19811127 -312
19820128 -301
19820301 -300
19820329 -295
19820428 -312
19820528 -316
19820628 -313
19820728 -315
19820830 -314
19820928 -324
19821028 -310
19821129 -310
19821228 -309
19830128 -313
19830228 -301
19830328 -306
19830429 -294
19830527 -299
19830628 -316
19830829 -337
19830928 -330
19831028 -336
19831128 -326
19831228 -314
19840130 -283
19840228 -297
19840328 -313
19840413 -315
19840427 -320
19840514 -322
19840528 -323
19840614 -320
19840628 -325
19840713 -325
19840727 -326
19840814 -327
19840828 -332
19840914 -322
19840928 -297
19841015 -314
19841029 -313
19841114 -316
19841128 -312
19841217 -319
19850114 -315
19850128 -314
19850214 -317
19850228 -315
19850314 -311
19850328 -315
19850415 -304
19850429 -300
19850514 -300
19850528 -304
19850614 -301
19850628 -291
19850715 -299
19850729 -300
19850814 -298
19850829 -300
19850914 -303
19850927 -307
19851014 -311
19851028 -313
19851115 -301
19851128 -301
19851213 -297
19860114 -272
19860128 -265
19860217 -288
19860303 -299
19860314 -304
19860415 -294
19860514 -291
19860528 -297
19860630 -302
19860714 -306
19860728 -309
19860828 -309
19861015 -300
19861028 -299
19861117 -297
19861130 -282
19870227 -290
19870328 -276
19870430 -297
19870515 -298
19870527 -296
19870615 -299
19870701 -305
19870914 -296
19871010 -288
19871128 -280
19880102 -278
19880117 -278
19880201 -253
19880312 -274
19880327 -268
19880419 -280
19880501 -287
19880614 -308
19880629 -308
19880829 -304
19881001 -307
19881028 -310
19881114 -312
19890114 -305
19890127 -305
19890131 -308
19890216 -303
19890302 -306
19890328 -290
19890414 -290
19890428 -293
19890529 -301
19890628 -302
19890728 -304
19890814 -305
19890828 -304
19890914 -304
19890928 -308
19891013 -305
19891027 -306
19891114 -304
19891128 -307
19891214 -303
19891228 -290
19900115 -296
19900129 -288
19900214 -290
19900427 -288
19900515 -295
19900528 -300
19900614 -301
19900628 -294
19900713 -294
19900728 -299
19900814 -301
19900828 -300
19900914 -300
19900928 -300
19901014 -301
19901029 -302
19901114 -299
19901129 -291
19901214 -293
19901228 -287
19910114 -289
19910128 -291
19910214 -294
19910301 -296
19910314 -294
19910328 -297
19910415 -299
19910429 -300
19910514 -301
19910528 -301
19910614 -302
19910628 -287
19910715 -288
19910729 -297
19910814 -297
19910828 -301
19910913 -304
19910927 -306
19911014 -306
19911028 -304
19911114 -287
19911128 -287
19911213 -288
19911227 -290
19920114 -290
19920129 -295
19920214 -300
19920228 -299
19920313 -296
19920327 -293
19920414 -297
19920429 -298
19920514 -301
19920527 -297
19920615 -299
19920629 -302
19920714 -302
19920728 -304
19920814 -302
19920828 -293
19920914 -289
19920929 -296
19921014 -299
19921028 -291
19921113 -284
19921127 -274
19921214 -270
19921228 -277
19930114 -282
19930130 -286
19930215 -293
19930301 -294
19930315 -297
19930329 -302
19930414 -303
19930429 -303
19930514 -300
19930529 -299
19930614 -301
19930628 -302
19930714 -301
19930729 -289
19930813 -288
19930828 -295
19930914 -295
19930928 -287
19931014 -287
19931028 -287
19931115 -290
19931129 -288
19931214 -288
19931228 -269
19940214 -289
19940228 -302
19940314 -300
19940328 -292
19940414 -287
19940428 -288
19940514 -290
19940528 -297
19940614 -296
19940628 -300
19940714 -305
19940728 -307
19940815 -311
19940829 -311
19940914 -306
19940928 -291
19941014 -288
19941018 -291
19941028 -287
19941114 -283
19941129 -288
19941214 -287
19941228 -275
19950113 -276
19950127 -264
19950215 -263
19950228 -273
19950315 -270
19950328 -279
19950415 -284
19950428 -291
19950515 -296
19950529 -297
19950614 -296
19950628 -299
19950714 -303
19950728 -307
19950814 -311
19950828 -312
19950914 -315
19950927 -312
19951013 -300
19951027 -301
19951114 -315
19951128 -316
19951214 -318
19951228 -317
19960115 -316
19960129 -317
19960214 -319
19960228 -313
19960314 -308
19960328 -308
19960415 -309
19960429 -310
19960514 -310
19960528 -309
19960614 -309
19960628 -310
19960715 -310
19960729 -307
19960814 -306
19960828 -305
19960913 -305
19960927 -304
19961015 -303
19961028 -301
19961114 -291
19961128 -277
19961213 -282
19961227 -283
19970115 -299
19970128 -304
19970214 -291
19970228 -287
19970314 -289
19970328 -292
19970414 -296
19970428 -297
19970514 -296
19970528 -287
19970613 -288
19970627 -289
19970714 -291
19970729 -287
19970814 -297
19970828 -296
19970915 -302
19970930 -306
19971014 -300
19971028 -301
19971114 -306
19971128 -303
19971215 -300
19971229 -294
19980114 -281
19980128 -280
19980213 -293
19980227 -295
19980313 -274
19980327 -282
19980414 -287
19980428 -284
19980515 -291
19980529 -294
19980615 -285
19980629 -286
19980714 -291
19980728 -295
19980814 -299
19980828 -300
19980928 -276
19981014 -283
19981028 -269
19981113 -252
19981127 -271
19981217 -269
19981228 -270
19990114 -269
19990128 -270
19990214 -280
19990301 -269
19990315 -275
19990329 -280
19990414 -280
19990429 -285
19990514 -290
19990528 -297
19990614 -298
19990629 -301
19990714 -301
19990729 -304
19990813 -299
19990827 -295
19990914 -302
19990928 -304
19991014 -302
19991027 -296
