         297
           2
"Date",-999.990
"PWTHEAD_19890814_L1.IDF",-999.990
19890114,-0.43608
19890128,-0.54019
19890210,-0.55293
19890211,-0.56331
19890212,-0.57336
19890214,-0.44910
19890228,-0.36599
19890314,-0.32192
19890328,-0.28476
19890414,-0.28769
19890428,-0.51629
19890514,-0.67870
19890528,-0.75552
19890614,-0.64786
19890628,-0.73785
19890714,-0.74830
19890728,-0.80360
19890814,-0.63663
19890828,-0.66377
19890914,-0.67742
19890928,-0.75633
19891014,-0.54317
19891028,-0.40885
19891114,-0.41383
19891128,-0.47978
19891214,-0.40802
19891228,-0.19950
19900114,-0.45946
19900128,-0.15857
19900214,0.03767
19900228,-0.36696
19900314,-0.48185
19900328,-0.56146
19900414,-0.69949
19900428,-0.62150
19900514,-0.65144
19900528,-0.73327
19900614,-0.61383
19900628,-0.68198
19900714,-0.57911
19900728,-0.69911
19900814,-0.78342
19900828,-0.54380
19900914,-0.41530
19900928,-0.06584
19901014,-0.42474
19901028,-0.62218
19901114,-0.07548
19901128,-0.03989
19901214,-0.33621
19901228,-0.25285
19910114,-0.14373
19910128,-0.47034
19910214,-0.61629
19910228,-0.53063
19910314,-0.52827
19910328,-0.62410
19910414,-0.73276
19910428,-0.78713
19910514,-0.82868
19910528,-0.85725
19910614,-0.88301
19910628,-0.08773
19910714,-0.58505
19910728,-0.70263
19910814,-0.78407
19910828,-0.82865
19910914,-0.86774
19910928,-0.58329
19911014,-0.29905
19911028,-0.41059
19911114,-0.01506
19911128,-0.36125
19911214,-0.57427
19911228,-0.34224
19920114,-0.37839
19920128,-0.53406
19920214,-0.49981
19920228,-0.51539
19920314,-0.15878
19920328,-0.31142
19920414,-0.60190
19920428,-0.58771
19920514,-0.45475
19920528,-0.64218
19920614,-0.44997
19920628,-0.64424
19920714,-0.60692
19920728,-0.71018
19920814,-0.54430
19920828,-0.46485
19920914,-0.49432
19920928,-0.65262
19921014,-0.77208
19921028,-0.11614
19921114,-0.02944
19921128,0.14583
19921214,-0.21041
19921228,-0.48114
19930114,-0.27624
19930128,-0.33039
19930214,-0.50187
19930228,-0.43128
19930314,-0.61045
19930328,-0.72842
19930414,-0.79841
19930428,-0.83259
19930514,-0.86323
19930528,-0.84891
19930614,-0.84386
19930628,-0.87061
19930714,-0.89519
19930728,-0.45190
19930814,-0.23975
19930828,-0.48531
19930914,-0.31493
19930928,0.12254
19931014,-0.14419
19931028,-0.41283
19931114,-0.13626
19931128,-0.46600
19931214,-0.02821
19931228,-0.15170
19940114,-0.19739
19940128,-0.06167
19940214,-0.45829
19940228,-0.45453
19940314,-0.29331
19940328,-0.31498
19940414,-0.36706
19940428,-0.56871
19940514,-0.69893
19940528,-0.51006
19940614,-0.68287
19940628,-0.75626
19940714,-0.48000
19940728,-0.65608
19940814,-0.61949
19940828,-0.72328
19940914,-0.40949
19940928,-0.28464
19941014,-0.49950
19941028,-0.19483
19941114,-0.21117
19941128,-0.37448
19941214,-0.21120
19941228,-0.02737
19950114,-0.21524
19950128,0.21509
19950214,-0.13191
19950228,-0.21894
19950314,-0.34503
19950328,-0.39435
19950414,-0.58281
19950428,-0.66179
19950514,-0.74945
19950528,-0.19976
19950614,-0.33022
19950628,-0.51328
19950714,-0.67918
19950728,-0.30801
19950814,-0.63260
19950828,-0.41794
19950914,-0.13058
19950928,-0.13941
19951014,-0.40200
19951028,-0.60542
19951114,-0.56457
19951128,-0.29303
19951214,-0.52038
19951228,-0.42686
19960114,-0.50686
19960128,-0.61004
19960214,-0.39327
19960228,-0.45017
19960314,-0.62185
19960328,-0.73541
19960414,-0.80190
19960428,-0.83578
19960514,-0.86347
19960528,-0.88111
19960614,-0.89986
19960628,-0.91408
19960714,-0.92843
19960728,-0.94022
19960814,-0.58183
19960828,-0.70035
19960914,-0.69862
19960928,-0.71689
19961014,-0.49873
19961028,-0.32874
19961114,-0.06896
19961128,0.00505
19961214,-0.38696
19961228,-0.41644
19970114,-0.57891
19970128,-0.58345
19970214,-0.21812
19970228,-0.28872
19970314,-0.55922
19970328,-0.52101
19970414,-0.67835
19970428,-0.75226
19970514,-0.76130
19970528,-0.49345
19970614,-0.67301
19970628,-0.64446
19970714,-0.52146
19970728,-0.67016
19970814,-0.76348
19970828,-0.81047
19970914,-0.56145
19970928,-0.67885
19971014,-0.26208
19971028,-0.50283
19971114,-0.53400
19971128,-0.56472
19971214,-0.20676
19971228,-0.25015
19980114,-0.33180
19980128,-0.34996
19980214,-0.54044
19980228,-0.52912
19980314,-0.23282
19980328,-0.55880
19980414,-0.30956
19980428,-0.45637
19980514,-0.65493
19980528,-0.73948
19980614,-0.78408
19980628,-0.61515
19980714,-0.70940
19980728,-0.66489
19980814,-0.75723
19980828,-0.32248
19980914,-0.28925
19980928,-0.42923
19981014,-0.08340
19981028,0.32562
19981114,-0.09200
19981128,-0.33692
19981214,-0.28006
19981228,-0.10136
19990114,-0.24552
19990128,-0.16066
19990214,-0.40141
19990228,-0.37756
19990314,-0.41437
19990328,-0.39890
19990414,-0.37681
19990428,-0.60665
19990514,-0.72028
19990528,-0.77981
19990614,-0.65938
19990628,-0.74225
19990714,-0.79998
19990728,-0.83858
19990814,-0.81157
19990828,-0.55807
19990914,-0.70644
19990928,-0.27120
19991014,-0.28843
19991028,-0.55493
19991114,-0.55989
19991128,-0.15549
19991214,0.38247
19991228,0.08408
20000114,-0.37523
20000128,-0.46795
20000214,-0.24433
20000228,-0.41290
20000314,-0.35820
20000328,-0.51098
20000414,-0.64792
20000428,-0.67239
20000514,-0.75303
20000528,-0.27145
20000614,-0.59579
20000628,-0.70583
20000714,-0.52160
20000728,-0.60732
20000814,-0.72992
20000828,-0.78845
20000914,-0.53389
20000928,-0.12885
20001014,-0.08385
20001028,-0.18564
20001114,-0.00807
20001128,-0.03330
20001214,-0.00003
20001228,-0.36656
20010114,-0.36789
20010128,-0.31862
20010214,-0.25564
20010228,-0.44248
20010314,-0.33340
20010328,-0.45069
