         297
           2
"Date",-999.990
"PWTHEAD_19890814_L1.IDF",-999.990
19890114,-1.15367
19890128,-1.27102
19890210,-1.27789
19890211,-1.29405
19890212,-1.24961
19890214,-1.13136
19890228,-0.98950
19890314,-0.97760
19890328,-1.01727
19890414,-1.03070
19890428,-1.18308
19890514,-1.58595
19890528,-1.73275
19890614,-1.64683
19890628,-1.80686
19890714,-1.79991
19890728,-1.91226
19890814,-1.74158
19890828,-1.87155
19890914,-1.89935
19890928,-1.97328
19891014,-1.77598
19891028,-1.52060
19891114,-1.23702
19891128,-1.24889
19891214,-1.12769
19891228,-0.97798
19900114,-1.18554
19900128,-0.88493
19900214,-0.67657
19900228,-1.09903
19900314,-1.15965
19900328,-1.29162
19900414,-1.56032
19900428,-1.45664
19900514,-1.61273
19900528,-1.73146
19900614,-1.78110
19900628,-1.75390
19900714,-1.64500
19900728,-1.81991
19900814,-1.95409
19900828,-1.63550
19900914,-1.16077
19900928,-0.91522
19901014,-1.17745
19901028,-1.35242
19901114,-0.91336
19901128,-0.72818
19901214,-1.02901
19901228,-0.97173
19910114,-0.86848
19910128,-1.17287
19910214,-1.29899
19910228,-1.31068
19910314,-1.27572
19910328,-1.38272
19910414,-1.57830
19910428,-1.64723
19910514,-1.66252
19910528,-1.75840
19910614,-1.83497
19910628,-1.03879
19910714,-1.57770
19910728,-1.76603
19910814,-1.89985
19910828,-1.98067
19910914,-2.05119
19910928,-2.04061
19911014,-1.65495
19911028,-1.32480
19911114,-0.92024
19911128,-1.13462
19911214,-1.31105
19911228,-1.08603
19920114,-1.07131
19920128,-1.26590
19920214,-1.17922
19920228,-1.23410
19920314,-0.78628
19920328,-0.93738
19920414,-1.37726
19920428,-1.30711
19920514,-1.15298
19920528,-1.59456
19920614,-1.65789
19920628,-1.80160
19920714,-1.92501
19920728,-1.99792
19920814,-1.92280
19920828,-1.71676
19920914,-1.49924
19920928,-1.56437
19921014,-1.67443
19921028,-0.95892
19921114,-0.78002
19921128,-0.68224
19921214,-0.91628
19921228,-1.18894
19930114,-0.97930
19930128,-1.03269
19930214,-1.19086
19930228,-1.05144
19930314,-1.35498
19930328,-1.45357
19930414,-1.45400
19930428,-1.54172
19930514,-1.74638
19930528,-1.74984
19930614,-1.74881
19930628,-1.85464
19930714,-1.95557
19930728,-1.58924
19930814,-1.19054
19930828,-1.23849
19930914,-1.10212
19930928,-0.57375
19931014,-0.77859
19931028,-1.08416
19931114,-1.01647
19931128,-1.20385
19931214,-0.89007
19931228,-0.86963
19940114,-0.97658
19940128,-0.76887
19940214,-1.16202
19940228,-1.14148
19940314,-1.03307
19940328,-1.00578
19940414,-1.12154
19940428,-1.28936
19940514,-1.49669
19940528,-1.21529
19940614,-1.38489
19940628,-1.67369
19940714,-1.69153
19940728,-1.84228
19940814,-1.96004
19940828,-2.01967
19940914,-1.45313
19940928,-1.02950
19941014,-1.25528
19941028,-0.76862
19941114,-0.85367
19941128,-0.99741
19941214,-0.94860
19941228,-0.61887
19950114,-0.88553
19950128,-0.43535
19950214,-0.78295
19950228,-0.91702
19950314,-1.12870
19950328,-1.13846
19950414,-1.34268
19950428,-1.42561
19950514,-1.69582
19950528,-1.54572
19950614,-1.00684
19950628,-1.38883
19950714,-1.71874
19950728,-1.75056
19950814,-1.89482
19950828,-1.59669
19950914,-0.98245
19950928,-0.82723
19951014,-1.21379
19951028,-1.35368
19951114,-1.25742
19951128,-1.00625
19951214,-1.23624
19951228,-1.12105
19960114,-1.19012
19960128,-1.29062
19960214,-1.03439
19960228,-1.05462
19960314,-1.33579
19960328,-1.40520
19960414,-1.53762
19960428,-1.72973
19960514,-1.77062
19960528,-1.73217
19960614,-1.84511
19960628,-1.93529
19960714,-2.00078
19960728,-2.05562
19960814,-2.10826
19960828,-2.13738
19960914,-1.73870
19960928,-1.71397
19961014,-1.46214
19961028,-1.14290
19961114,-0.85774
19961128,-0.74857
19961214,-1.06528
19961228,-1.08729
19970114,-1.26606
19970128,-1.29185
19970214,-0.98154
19970228,-1.02943
19970314,-1.32678
19970328,-1.24496
19970414,-1.46205
19970428,-1.67194
19970514,-1.51184
19970528,-1.49812
19970614,-1.74928
19970628,-1.19820
19970714,-1.39223
19970728,-1.58697
19970814,-1.78984
19970828,-1.91790
19970914,-1.82403
19970928,-1.89644
19971014,-1.19290
19971028,-1.35834
19971114,-1.35952
19971128,-1.37708
19971214,-0.86117
19971228,-0.94844
19980114,-0.98093
19980128,-1.04771
19980214,-1.24484
19980228,-1.21677
19980314,-0.91646
19980328,-1.24049
19980414,-0.91746
19980428,-1.13634
19980514,-1.45087
19980528,-1.69831
19980614,-1.41857
19980628,-1.49406
19980714,-1.34029
19980728,-1.59034
19980814,-1.74679
19980828,-1.27662
19980914,-0.89616
19980928,-1.03796
19981014,-0.75449
19981028,-0.54312
19981114,-0.60365
19981128,-0.91031
19981214,-0.94795
19981228,-0.82682
19990114,-0.91121
19990128,-0.85631
19990214,-1.04065
19990228,-1.06122
19990314,-1.08775
19990328,-1.10466
19990414,-1.03074
19990428,-1.35474
19990514,-1.59588
19990528,-1.75116
19990614,-1.83993
19990628,-1.91950
19990714,-1.90820
19990728,-2.00129
19990814,-2.07461
19990828,-1.89226
19990914,-2.01177
19990928,-1.56967
19991014,-1.16976
19991028,-1.34007
19991114,-1.24120
19991128,-0.91298
19991214,-0.65521
19991228,-0.65324
20000114,-0.90540
20000128,-1.10565
20000214,-0.97090
20000228,-1.05083
20000314,-0.96109
20000328,-1.09091
20000414,-1.29428
20000428,-1.38985
20000514,-1.60334
20000528,-1.27785
20000614,-1.52114
20000628,-1.74111
20000714,-1.71398
20000728,-1.70408
20000814,-1.77319
20000828,-1.90139
20000914,-1.54901
20000928,-0.98997
20001014,-0.93130
20001028,-0.87616
20001114,-0.73449
20001128,-0.75683
20001214,-0.77268
20001228,-0.94267
20010114,-0.98416
20010128,-1.02846
20010214,-0.87561
20010228,-1.08191
20010314,-1.06656
20010328,-1.15177
