         297
           2
"Date",-999.990
"PWTHEAD_19890814_L1.IDF",-999.990
19890114,-0.68151
19890128,-0.74905
19890210,-0.74636
19890211,-0.75328
19890212,-0.75448
19890214,-0.63933
19890228,-0.64026
19890314,-0.63547
19890328,-0.60962
19890414,-0.55082
19890428,-0.73460
19890514,-0.84301
19890528,-0.89198
19890614,-0.81511
19890628,-0.90451
19890714,-0.91171
19890728,-0.94163
19890814,-0.86019
19890828,-0.85635
19890914,-0.86669
19890928,-0.90475
19891014,-0.69448
19891028,-0.67932
19891114,-0.69925
19891128,-0.71344
19891214,-0.60734
19891228,-0.57944
19900114,-0.70800
19900128,-0.49279
19900214,-0.34122
19900228,-0.65074
19900314,-0.72567
19900328,-0.73929
19900414,-0.83285
19900428,-0.79345
19900514,-0.79273
19900528,-0.86973
19900614,-0.78468
19900628,-0.83504
19900714,-0.78043
19900728,-0.87756
19900814,-0.92750
19900828,-0.78781
19900914,-0.69277
19900928,-0.48356
19901014,-0.71216
19901028,-0.80426
19901114,-0.44147
19901128,-0.45997
19901214,-0.62290
19901228,-0.55034
19910114,-0.52148
19910128,-0.72077
19910214,-0.76746
19910228,-0.72786
19910314,-0.74925
19910328,-0.79382
19910414,-0.84761
19910428,-0.87402
19910514,-0.88462
19910528,-0.90452
19910614,-0.91904
19910628,-0.39526
19910714,-0.80982
19910728,-0.86658
19910814,-0.91217
19910828,-0.93830
19910914,-0.95883
19910928,-0.70360
19911014,-0.57540
19911028,-0.70971
19911114,-0.42975
19911128,-0.65975
19911214,-0.76118
19911228,-0.63531
19920114,-0.66588
19920128,-0.74756
19920214,-0.71261
19920228,-0.74266
19920314,-0.43298
19920328,-0.61946
19920414,-0.79424
19920428,-0.74954
19920514,-0.70161
19920528,-0.83318
19920614,-0.73000
19920628,-0.85443
19920714,-0.79074
19920728,-0.89068
19920814,-0.73750
19920828,-0.73273
19920914,-0.76428
19920928,-0.84113
19921014,-0.93395
19921028,-0.44492
19921114,-0.39405
19921128,-0.27983
19921214,-0.54736
19921228,-0.72334
19930114,-0.55805
19930128,-0.61904
19930214,-0.73632
19930228,-0.68179
19930314,-0.79443
19930328,-0.87491
19930414,-0.87247
19930428,-0.88246
19930514,-0.91664
19930528,-0.92454
19930614,-0.92810
19930628,-0.95226
19930714,-0.96798
19930728,-0.60914
19930814,-0.55977
19930828,-0.73656
19930914,-0.54757
19930928,-0.27073
19931014,-0.52670
19931028,-0.69160
19931114,-0.40191
19931128,-0.72032
19931214,-0.38241
19931228,-0.53084
19940114,-0.53973
19940128,-0.40260
19940214,-0.71416
19940228,-0.63939
19940314,-0.58685
19940328,-0.62110
19940414,-0.67925
19940428,-0.76668
19940514,-0.83683
19940528,-0.73093
19940614,-0.83354
19940628,-0.87926
19940714,-0.75137
19940728,-0.86479
19940814,-0.84607
19940828,-0.89560
19940914,-0.65069
19940928,-0.65131
19941014,-0.74422
19941028,-0.43832
19941114,-0.52384
19941128,-0.66848
19941214,-0.52732
19941228,-0.37522
19950114,-0.55707
19950128,-0.20406
19950214,-0.49095
19950228,-0.54314
19950314,-0.66771
19950328,-0.64539
19950414,-0.78412
19950428,-0.80547
19950514,-0.87439
19950528,-0.50147
19950614,-0.63284
19950628,-0.76857
19950714,-0.84779
19950728,-0.50232
19950814,-0.84888
19950828,-0.63251
19950914,-0.51486
19950928,-0.46159
19951014,-0.70378
19951028,-0.79265
19951114,-0.74811
19951128,-0.57802
19951214,-0.73349
19951228,-0.67695
19960114,-0.72853
19960128,-0.77014
19960214,-0.58101
19960228,-0.70213
19960314,-0.79896
19960328,-0.87349
19960414,-0.87881
19960428,-0.89864
19960514,-0.90997
19960528,-0.91093
19960614,-0.92891
19960628,-0.94983
19960714,-0.95857
19960728,-0.96774
19960814,-0.72090
19960828,-0.89251
19960914,-0.84276
19960928,-0.87496
19961014,-0.75069
19961028,-0.57649
19961114,-0.44320
19961128,-0.41623
19961214,-0.68225
19961228,-0.69079
19970114,-0.75746
19970128,-0.75197
19970214,-0.49661
19970228,-0.59663
19970314,-0.77071
19970328,-0.72083
19970414,-0.82536
19970428,-0.87080
19970514,-0.82946
19970528,-0.73406
19970614,-0.84603
19970628,-0.79197
19970714,-0.77177
19970728,-0.84743
19970814,-0.89451
19970828,-0.92446
19970914,-0.72346
19970928,-0.85721
19971014,-0.54312
19971028,-0.73512
19971114,-0.73519
19971128,-0.73502
19971214,-0.53061
19971228,-0.55460
19980114,-0.65354
19980128,-0.66304
19980214,-0.74988
19980228,-0.71297
19980314,-0.58554
19980328,-0.76998
19980414,-0.57163
19980428,-0.70437
19980514,-0.82573
19980528,-0.88457
19980614,-0.88858
19980628,-0.70932
19980714,-0.81645
19980728,-0.82238
19980814,-0.88331
19980828,-0.58252
19980914,-0.58311
19980928,-0.72473
19981014,-0.42557
19981028,-0.10428
19981114,-0.50938
19981128,-0.62200
19981214,-0.56603
19981228,-0.45890
19990114,-0.57797
19990128,-0.49008
19990214,-0.68029
19990228,-0.65675
19990314,-0.69656
19990328,-0.66415
19990414,-0.63402
19990428,-0.79733
19990514,-0.85872
19990528,-0.89285
19990614,-0.80745
19990628,-0.89240
19990714,-0.91576
19990728,-0.94126
19990814,-0.91393
19990828,-0.77865
19990914,-0.89879
19990928,-0.50250
19991014,-0.65496
19991028,-0.76537
19991114,-0.74908
19991128,-0.50961
19991214,-0.07833
19991228,-0.37595
20000114,-0.67604
20000128,-0.71015
20000214,-0.56981
20000228,-0.69133
20000314,-0.64999
20000328,-0.72931
20000414,-0.79395
20000428,-0.80294
20000514,-0.85850
20000528,-0.55464
20000614,-0.80665
20000628,-0.86510
20000714,-0.70530
20000728,-0.81364
20000814,-0.88943
20000828,-0.91445
20000914,-0.75080
20000928,-0.46781
20001014,-0.46022
20001028,-0.51676
20001114,-0.42088
20001128,-0.41379
20001214,-0.38408
20001228,-0.65274
20010114,-0.66976
20010128,-0.59937
20010214,-0.59484
20010228,-0.69266
20010314,-0.58077
20010328,-0.71051
