443
2
date -9999
head -9999
19710129 -452
19710215 -455
19710227 -458
19710314 -454
19710329 -457
19710428 -460
19710515 -458
19710527 -445
19710615 -440
19710630 -435
19710716 -435
19710730 -435
19710817 -435
19710830 -435
19710920 -440
19711022 -435
19711128 -435
19711223 -435
19720124 -430
19720301 -428
19720314 -425
19720420 -425
19720518 -425
19720529 -425
19720704 -425
19720729 -425
19721016 -430
19730301 -425
19730921 -424
19730928 -424
19731016 -422
19731105 -419
19731114 -419
19731128 -423
19731228 -420
19740114 -417
19740128 -415
19740214 -417
19740228 -420
19740314 -417
19740328 -426
19740416 -425
19740429 -424
19740514 -425
19740528 -426
19740614 -424
19740715 -426
19740729 -429
19740814 -424
19740828 -428
19740916 -425
19740930 -420
19741016 -422
19741028 -417
19741114 -418
19741128 -420
19741213 -420
19741227 -417
19750114 -415
19750127 -415
19750214 -420
19750228 -425
19750313 -423
19750327 -421
19750414 -420
19750501 -429
19750515 -425
19750529 -421
19750616 -425
19750627 -424
19750714 -423
19750728 -422
19750815 -423
19750828 -426
19750915 -425
19750929 -432
19751014 -425
19751028 -424
19751114 -425
19751128 -421
19751215 -425
19751229 -421
19760115 -420
19760129 -419
19760213 -415
19760301 -422
19760315 -420
19760329 -420
19760415 -427
19760427 -425
19760513 -425
19760528 -428
19760614 -428
19760628 -426
19760715 -427
19760802 -425
19760815 -428
19760827 -432
19760914 -423
19760928 -429
19761013 -424
19761028 -427
19761115 -427
19761129 -424
19761214 -426
19761228 -422
19770114 -420
19770128 -418
19770214 -422
19770228 -424
19770314 -424
19770328 -423
19770414 -424
19770428 -427
19770512 -426
19770531 -429
19770614 -427
19770627 -427
19770714 -427
19770815 -426
19770829 -423
19770914 -427
19770928 -428
19771013 -428
19771031 -428
19771114 -419
19771128 -423
19771214 -423
19771228 -424
19780116 -422
19780127 -424
19780213 -425
19780227 -426
19780313 -429
19780328 -424
19780413 -425
19780427 -425
19780516 -425
19780529 -429
19780614 -428
19780714 -427
19780728 -429
19780814 -425
19780828 -434
19780914 -428
19780929 -425
19781017 -425
19781030 -428
19781114 -425
19781128 -427
19781214 -421
19781227 -422
19790115 -425
19790201 -422
19790213 -419
19790302 -422
19790314 -419
19790328 -420
19790417 -425
19790427 -423
19790515 -422
19790528 -423
19790615 -420
19790628 -425
19790716 -430
19790730 -420
19790820 -427
19790828 -429
19790914 -428
19790928 -430
19791015 -425
19791029 -427
19791114 -424
19791128 -430
19791213 -424
19800102 -422
19800115 -429
19800129 -425
19800215 -423
19800228 -431
19800314 -421
19800328 -419
19800414 -427
19800429 -425
19800516 -428
19800528 -429
19800616 -426
19800714 -423
19800728 -420
19800815 -423
19800828 -425
19800915 -427
19800929 -428
19801015 -432
19801027 -428
19801114 -438
19801127 -427
19801215 -428
19801229 -427
19810114 -419
19810128 -425
19810213 -428
19810302 -425
19810313 -417
19810330 -423
19810414 -427
19810428 -437
19810514 -430
19810527 -423
19810615 -433
19810629 -425
19810713 -426
19810728 -429
19810817 -426
19810831 -428
19810915 -428
19810928 -429
19811014 -425
19811029 -420
19811116 -424
19811130 -425
19811215 -418
19811229 -415
19820114 -419
19820201 -425
19820215 -421
19820301 -423
19820315 -425
19820329 -425
19820414 -426
19820429 -425
19820514 -428
19820528 -430
19820615 -427
19820629 -425
19820714 -428
19820728 -428
19820816 -429
19820830 -425
19820914 -426
19820928 -432
19821014 -424
19821028 -426
19821115 -430
19821129 -431
19821229 -429
19830128 -423
19830228 -428
19830328 -433
19830502 -420
19830527 -431
19830627 -425
19830728 -429
19830829 -426
19830928 -430
19831026 -430
19831128 -423
19831229 -427
19840130 -419
19840229 -425
19840328 -423
19840428 -428
19840529 -426
19840702 -424
19840730 -422
19840827 -427
19840927 -428
19841029 -427
19841128 -428
19841231 -435
19850128 -434
19850228 -433
19850328 -435
19850429 -430
19850528 -429
19850628 -432
19850730 -423
19850828 -428
19850930 -430
19851028 -428
19851128 -422
19851230 -421
19860127 -425
19860227 -434
19860327 -422
19860428 -440
19860528 -427
19860630 -435
19860901 -429
19860929 -437
19861103 -426
19861201 -425
19861229 -425
19870128 -418
19870226 -423
19870330 -429
19870428 -428
19870601 -429
19870629 -438
19870727 -450
19870828 -432
19870928 -425
19871026 -427
19871130 -429
19871228 -428
19880126 -419
19880229 -431
19880328 -427
19880428 -431
19880531 -429
19880628 -435
19880801 -430
19880825 -433
19881003 -432
19881031 -431
19881128 -431
19881228 -433
19890206 -432
19890228 -425
19890328 -428
19890501 -451
19890529 -435
19890627 -428
19890728 -435
19890928 -444
19891031 -435
19891128 -433
19891228 -434
19900130 -427
19900330 -440
19900430 -435
19900606 -437
19900731 -441
19900829 -435
19901029 -431
19901129 -432
19901231 -432
19910128 -435
19910228 -433
19910328 -439
19910501 -439
19910528 -436
19910627 -427
19910827 -436
19911001 -433
19911030 -440
19911128 -433
19911231 -431
19920129 -434
19920227 -434
19920331 -431
19920601 -435
19921126 -430
19921229 -431
19930201 -431
19930301 -431
19930329 -434
19930427 -433
19930627 -435
19931028 -431
19931129 -432
19940131 -429
19940228 -430
19940310 -453
19940329 -431
19940428 -434
19940527 -434
19940627 -435
19940728 -434
19940829 -438
19940930 -435
19941019 -428
19941028 -431
19941128 -434
19941228 -421
19950128 -423
19950228 -427
19950329 -429
19950428 -435
19950529 -432
19950628 -435
19950731 -435
19950828 -437
19950928 -439
19951030 -439
19951127 -437
19951230 -434
19960129 -436
19960303 -377
19960328 -435
19960501 -437
19960528 -437
19960628 -437
19960729 -437
19960928 -437
19961028 -434
19961128 -433
19961228 -439
19970128 -438
19970228 -436
19970328 -437
19970428 -433
19970526 -434
19970628 -433
19970728 -434
19970828 -433
19970929 -438
19971028 -435
19971128 -433
19971230 -433
19980130 -432
19980228 -434
19980328 -434
19980428 -432
19980528 -436
19980701 -431
19980728 -433
19980827 -434
19980928 -433
19981027 -429
19981130 -436
19981229 -429
19990129 -434
19990227 -430
19990402 -432
19990429 -433
19990507 -432
19990531 -435
19990628 -435
19990730 -437
19990827 -433
19990928 -436
19991028 -437
19991129 -433
19991227 -426
20000128 -432
20000227 -422
20000328 -429
20000428 -424
20000527 -437
20000628 -429
20000728 -425
20000828 -431
