1581
2
date -9999
head -9999
19911114 -346
19911128 -351
19911213 -363
19911228 -361
19920114 -361
19920128 -364
19920214 -361
19920228 -366
19920314 -363
19920328 -361
19920414 -366
19920428 -366
19920514 -366
19920527 -366
19920714 -371
19920728 -371
19920914 -361
19920928 -363
19921014 -371
19921028 -356
19921113 -356
19921127 -346
19921214 -341
19921228 -356
19930114 -351
19930128 -351
19930215 -361
19930227 -366
19930315 -366
19930327 -371
19930414 -371
19930428 -371
19930614 -373
19930628 -371
19930714 -371
19930728 -361
19930814 -361
19930828 -366
19930914 -364
19930928 -356
19931014 -356
19931028 -361
19931115 -361
19931129 -361
19931214 -351
19931228 -356
19940114 -341
19940128 -349
19940214 -356
19940228 -361
19940314 -361
19940328 -361
19940414 -356
19940428 -361
19940514 -361
19940520 -361
19940528 -366
19940614 -369
19940628 -371
19940714 -371
19940728 -376
19940815 -381
19940829 -379
19940914 -376
19940928 -366
19941014 -361
19941028 -363
19941114 -356
19941128 -361
19941214 -361
19941228 -351
19950113 -341
19950128 -331
19950214 -336
19950228 -341
19950314 -341
19950328 -351
19950414 -356
19950428 -363
19950515 -363
19950529 -363
19950614 -361
19950628 -369
19950714 -369
19950728 -371
19950814 -376
19950828 -376
19950914 -376
19950928 -376
19951013 -376
19951028 -381
19951114 -381
19951128 -381
19951214 -381
19951228 -376
19960113 -377
19960129 -378
19960214 -371
19960228 -373
19960314 -371
19960328 -372
19960413 -377
19960427 -375
19960514 -366
19960528 -366
19960614 -369
19960628 -366
19960714 -366
19960729 -368
19960814 -365
19960828 -366
19960914 -366
19960928 -368
19961014 -369
19961028 -369
19961114 -361
19961128 -351
19961214 -361
19961228 -363
19970114 -376
19970128 -376
19970214 -366
19970228 -371
19970314 -371
19970328 -366
19970414 -371
19970428 -366
19970514 -363
19970528 -359
19970614 -361
19970628 -361
19970714 -356
19970728 -361
19970814 -369
19970828 -369
19970915 -369
19970929 -371
19971014 -371
19971028 -376
19971114 -376
19971128 -373
19971215 -371
19971227 -366
19980114 -356
19980128 -356
19980214 -366
19980228 -346
19980314 -346
19980328 -346
19980414 -346
19980428 -348
19980514 -351
19980528 -352
19980614 -349
19980629 -351
19981014 -346
19981028 -358
19981115 -366
19981129 -358
19981215 -355
19981229 -357
19990114 -342
19990128 -343
19990215 -355
19990301 -349
19990315 -352
19990329 -345
19990414 -349
19990428 -345
19990514 -359
19990528 -357
19990615 -359
19990629 -361
19990715 -364
19990729 -369
19990814 -361
19990828 -362
19990915 -364
19990929 -364
19991015 -356
19991029 -360
19991114 -357
19991128 -353
19991214 -343
20000329 -347
20000414 -354
20000428 -359
20000514 -366
20000528 -358
20000615 -362
20000628 -363
20000714 -361
20000728 -365
20000815 -370
20000829 -372
20000914 -372
20000918 -370
20000920 -371
20000922 -374
20000924 -373
20000926 -373
20000928 -371
20000930 -373
20001002 -372
20001004 -374
20001006 -374
20001008 -372
20001010 -368
20001012 -369
20001014 -373
20001016 -370
20001018 -371
20001020 -369
20001022 -370
20001024 -369
20001026 -369
20001028 -368
20001030 -361
20001101 -362
20001103 -360
20001105 -361
20001107 -355
20001109 -354
20001111 -343
20001113 -343
20001115 -341
20001117 -341
20001119 -342
20001121 -341
20001123 -342
20001125 -343
20001127 -341
20001129 -342
20001201 -342
20001203 -342
20001205 -343
20010312 -343
20010314 -344
20010316 -346
20010318 -345
20010320 -346
20010322 -345
20010324 -342
20010326 -343
20010328 -342
20010330 -344
20010401 -347
20010403 -346
20010405 -347
20010407 -344
20010409 -346
20010411 -349
20010413 -350
20010415 -345
20010417 -348
20010419 -346
20010421 -346
20010423 -346
20010425 -347
20010427 -347
20010429 -347
20010501 -348
20010503 -347
20010505 -350
20010507 -352
20010509 -352
20010511 -353
20010513 -352
20010515 -352
20010517 -352
20010519 -355
20010521 -355
20010523 -355
20010525 -356
20010527 -356
20010529 -356
20010531 -357
20010602 -355
20010604 -357
20010606 -357
20010608 -358
20010610 -359
20010612 -360
20010614 -361
20010616 -360
20010618 -361
20010620 -361
20010621 -357
20010623 -358
20010625 -360
20010627 -359
20010629 -360
20010701 -362
20010703 -361
20010705 -361
20010707 -359
20010709 -358
20010711 -358
20010713 -358
20010715 -359
20010717 -358
20010719 -357
20010721 -359
20010723 -360
20010725 -361
20010727 -361
20010729 -362
20010731 -363
20010802 -361
20010804 -362
20010806 -358
20010808 -353
20010810 -354
20010812 -352
20010814 -352
20010816 -353
20010818 -353
20010820 -353
20010822 -356
20010824 -356
20010826 -355
20010828 -356
20010830 -355
20010901 -357
20010903 -354
20010905 -352
20010907 -351
20010909 -350
20010911 -350
20010913 -345
20010915 -346
20010917 -342
20010919 -332
20010921 -325
20010923 -323
20010925 -319
20010927 -317
20010929 -318
20011001 -320
20011003 -322
20011005 -325
20011007 -326
20011009 -329
20011010 -331
20011012 -333
20011014 -334
20011016 -337
20011018 -336
20011020 -337
20011022 -340
20011024 -341
20011026 -342
20011028 -343
20011030 -343
20011101 -346
20011103 -346
20011105 -347
20011107 -345
20011109 -344
20011111 -344
20011113 -344
20011115 -347
20011117 -347
20011119 -347
20011121 -347
20011123 -347
20011125 -344
20011127 -341
20011129 -340
20011201 -335
20011203 -335
20011205 -332
20011207 -337
20011209 -337
20011211 -337
20011213 -338
20011215 -339
20011217 -340
20011219 -339
20011221 -335
20011223 -333
20011225 -328
20011227 -326
20011229 -324
20011231 -328
20020102 -330
20020104 -330
20020106 -333
20020108 -334
20020110 -336
20020112 -337
20020114 -337
20020116 -340
20020118 -341
20020120 -340
20020122 -338
20020124 -338
20020126 -336
20020128 -334
20020130 -333
20020201 -335
20020203 -336
20020205 -333
20020207 -336
20020209 -333
20020211 -332
20020213 -333
20020215 -336
20020217 -335
20020219 -337
20020221 -334
20020223 -329
20020225 -329
20020227 -322
20020301 -326
20020303 -329
20020305 -330
20020307 -333
20020309 -332
20020311 -335
20020313 -338
20020315 -338
20020317 -339
20020319 -340
20020321 -341
20020323 -344
20020325 -345
20020327 -345
20020329 -345
20020331 -345
20020402 -346
20020404 -346
20020406 -348
20020408 -350
20020410 -349
20020412 -349
20020414 -351
20020416 -352
20020418 -351
20020420 -354
20020422 -355
20020424 -355
20020426 -352
20020428 -351
20020430 -352
20020502 -354
20020504 -355
20020506 -357
20020508 -354
20020510 -355
20020512 -355
20020514 -357
20020516 -357
20020518 -357
20020520 -357
20020522 -355
20020524 -357
20020526 -357
20020528 -358
20020530 -360
20020601 -360
20020603 -360
20020605 -354
20020607 -357
20020609 -358
20020611 -354
20020613 -356
20020615 -356
20020617 -357
20020619 -352
20020621 -353
20020623 -357
20020625 -353
20020627 -360
20020629 -353
20020701 -362
20020703 -367
20020705 -360
20020707 -354
20020709 -363
20020711 -354
20020713 -362
20020715 -358
20020717 -359
20020719 -357
20020721 -359
20020723 -366
20020725 -361
20020727 -360
20020729 -358
20020731 -362
20020802 -361
20020804 -361
20020806 -363
20020808 -360
20020810 -360
20020812 -361
20020814 -362
20020816 -362
20020818 -366
20020820 -362
20020822 -359
20020824 -357
20020826 -343
20020828 -342
20020830 -348
20020901 -342
20020903 -349
20020904 -346
20020906 -347
20020908 -348
20020910 -350
20020912 -352
20020914 -352
20020916 -353
20020918 -352
20020920 -354
20020922 -354
20020924 -356
20020926 -355
20020928 -357
20020930 -356
20021002 -354
20021004 -357
20021006 -356
20021008 -357
20021010 -358
20021012 -358
20021014 -357
20021016 -357
20021018 -358
20021020 -358
20021022 -353
20021024 -356
20021026 -358
20021028 -357
20021030 -354
20021101 -355
20021103 -352
20021105 -353
20021107 -348
20021109 -342
20021111 -341
20021113 -338
20021115 -340
20021117 -344
20021119 -345
20021121 -342
20021123 -346
20021125 -346
20021127 -347
20021129 -347
20021201 -346
20021203 -347
20021205 -349
20021207 -351
20021209 -352
20021211 -353
20021213 -354
20021215 -352
20021217 -355
20021219 -355
20021221 -356
20021223 -350
20021225 -349
20021227 -344
20021229 -343
20021231 -342
20030102 -331
20030104 -333
20030106 -333
20030108 -335
20030110 -339
20030112 -341
20030114 -340
20030116 -342
20030118 -342
20030120 -339
20030122 -339
20030124 -344
20030126 -343
20030128 -341
20030130 -338
20030201 -340
20030203 -335
20030205 -338
20030207 -340
20030209 -340
20030211 -343
20030213 -344
20030215 -346
20030217 -347
20030219 -345
20030221 -347
20030223 -349
20030225 -349
20030227 -350
20030301 -351
20030303 -351
20030305 -352
20030307 -353
20030309 -353
20030311 -353
20030313 -357
20030315 -358
20030317 -358
20030319 -358
20030321 -358
20030323 -359
20030325 -359
20030327 -360
20030329 -360
20030331 -363
20030402 -358
20030404 -361
20030406 -362
20030408 -362
20030410 -360
20030412 -363
20030414 -364
20030416 -365
20030418 -367
20030420 -365
20030422 -366
20030804 -384
20030806 -384
20030808 -384
20030810 -383
20030812 -384
20030814 -383
20030816 -384
20030818 -383
20030820 -385
20030822 -384
20030824 -384
20030826 -384
20030828 -382
20030830 -383
20030901 -382
20030903 -384
20030905 -382
20030907 -382
20030909 -381
20030911 -380
20030913 -381
20030915 -380
20030917 -380
20030919 -380
20030921 -379
20030923 -378
20030925 -378
20030927 -377
20030929 -376
20031001 -375
20031003 -375
20031005 -375
20031007 -372
20031009 -372
20031011 -373
20031013 -373
20031015 -376
20031017 -376
20031019 -374
20031021 -375
20031023 -377
20031025 -375
20031027 -376
20031029 -373
20031031 -371
20031102 -372
20031104 -376
20031106 -377
20031108 -374
20031110 -374
20031112 -373
20031113 -374
20031115 -372
20031117 -372
20031119 -372
20031121 -372
20031123 -371
20031125 -368
20031127 -368
20031129 -369
20031201 -368
20031203 -370
20031205 -371
20031207 -372
20031209 -370
20031211 -369
20031213 -368
20031215 -366
20031217 -367
20031219 -366
20031221 -364
20031223 -365
20031225 -363
20031227 -361
20031229 -358
20031231 -360
20040102 -360
20040104 -358
20040106 -356
20040108 -355
20040110 -356
20040112 -353
20040114 -351
20040116 -348
20040118 -351
20040120 -343
20040122 -342
20040124 -342
20040126 -343
20040128 -344
20040130 -344
20040201 -342
20040203 -341
20040205 -342
20040207 -342
20040209 -344
20040211 -340
20040213 -342
20040215 -343
20040217 -345
20040219 -346
20040221 -345
20040223 -347
20040225 -347
20040227 -345
20040229 -350
20040302 -352
20040304 -351
20040306 -351
20040308 -353
20040310 -353
20040312 -352
20040314 -354
20040316 -356
20040318 -356
20040320 -352
20040322 -353
20040324 -354
20040326 -356
20040328 -357
20040330 -357
20040401 -358
20040403 -360
20040405 -357
20040407 -359
20040409 -360
20040411 -362
20040413 -362
20040415 -362
20040417 -360
20040419 -360
20040421 -363
20040423 -365
20040425 -365
20040427 -364
20040429 -362
20040501 -363
20040503 -364
20040505 -361
20040507 -365
20040509 -364
20040511 -367
20040513 -367
20040515 -368
20040517 -369
20040519 -369
20040521 -368
20040523 -369
20040525 -368
20040527 -369
20040529 -369
20040531 -369
20040602 -369
20040604 -369
20040606 -369
20040608 -370
20040610 -370
20040612 -370
20040614 -372
20040616 -371
20040618 -370
20040620 -371
20040622 -372
20040624 -367
20040626 -370
20040628 -371
20040630 -370
20040702 -370
20040704 -369
20040706 -370
20040708 -368
20040710 -368
20040712 -368
20040714 -369
20040716 -369
20040718 -369
20040720 -368
20040722 -368
20040724 -369
20040726 -368
20040728 -369
20040730 -370
20040801 -370
20040803 -370
20040805 -371
20040807 -373
20040809 -372
20040811 -373
20040813 -370
20040815 -371
20040817 -367
20040819 -368
20040821 -369
20040823 -369
20040825 -362
20040827 -361
20040829 -361
20040831 -360
20040902 -360
20040904 -362
20040906 -363
20040908 -364
20040909 -364
20040911 -363
20040913 -363
20040915 -365
20040917 -366
20040919 -366
20040921 -366
20040923 -362
20040925 -362
20040927 -361
20040929 -360
20041001 -359
20041003 -359
20041005 -358
20041007 -359
20041009 -360
20041011 -360
20041013 -359
20041015 -359
20041017 -360
20041019 -362
20041021 -363
20041023 -363
20041025 -363
20041027 -363
20041029 -363
20041031 -365
20041102 -365
20041104 -364
20041106 -365
20041108 -365
20041110 -364
20041112 -365
20041114 -367
20041116 -365
20041118 -363
20041120 -356
20041122 -353
20041124 -355
20041126 -354
20041128 -353
20041130 -354
20041202 -355
20041203 -355
20041205 -356
20041207 -357
20041209 -357
20041211 -360
20041213 -361
20041215 -360
20041217 -358
20041219 -359
20041221 -362
20041223 -361
20041225 -357
20041227 -359
20041229 -358
20041231 -357
20050102 -356
20050104 -357
20050106 -357
20050108 -356
20050110 -358
20050112 -360
20050114 -362
20050116 -360
20050118 -358
20050120 -358
20050122 -356
20050124 -356
20050126 -356
20050128 -354
20050130 -356
20050201 -355
20050203 -355
20050205 -354
20050207 -355
20050209 -355
20050211 -352
20050213 -343
20050215 -345
20050217 -345
20050219 -345
20050221 -344
20050223 -346
20050225 -348
20050227 -350
20050301 -351
20050303 -352
20050305 -353
20050307 -356
20050309 -355
20050311 -352
20050313 -355
20050315 -357
20050317 -359
20050319 -360
20050321 -359
20050323 -361
20050325 -362
20050327 -362
20050329 -362
20050331 -363
20050402 -363
20050404 -364
20050406 -363
20050408 -363
20050410 -366
20050412 -364
20050414 -363
20050416 -364
20050418 -364
20050420 -365
20050422 -366
20050424 -365
20050426 -365
20050428 -366
20050430 -365
20050502 -364
20050504 -365
20050506 -365
20050508 -365
20050510 -367
20050512 -368
20050514 -367
20050516 -369
20050518 -369
20050520 -368
20050522 -367
20050524 -370
20050526 -370
20050528 -371
20050530 -370
20050601 -371
20050603 -367
20050605 -367
20050607 -369
20050609 -370
20050611 -368
20050613 -368
20050615 -369
20050617 -371
20050619 -372
20050621 -374
20050623 -373
20050625 -374
20050627 -374
20050629 -373
20050701 -370
20050703 -370
20050704 -364
20050706 -363
20050708 -364
20050710 -365
20050712 -366
20050714 -365
20050716 -367
20050718 -367
20050720 -368
20050722 -368
20050724 -368
20050726 -370
20050728 -369
20050730 -369
20050801 -367
20050803 -367
20050805 -366
20050807 -367
20050809 -367
20050811 -368
20050813 -364
20050815 -363
20050817 -364
20050819 -362
20050821 -363
20050823 -364
20050825 -362
20050827 -365
20050829 -366
20050831 -366
20050902 -369
20050904 -369
20050906 -368
20050908 -370
20050910 -369
20050912 -371
20050914 -371
20050916 -369
20050918 -370
20050920 -371
20050922 -370
20050924 -369
20050926 -368
20050928 -368
20050930 -366
20051002 -365
20051004 -365
20051006 -364
20051008 -364
20051010 -364
20051012 -365
20051014 -366
20051016 -366
20051018 -366
20051020 -366
20051022 -364
20051024 -365
20051026 -364
20051027 -362
20051029 -360
20051031 -361
20051102 -361
20051104 -363
20051106 -365
20051108 -366
20051110 -368
20051112 -367
20051114 -368
20051116 -365
20051118 -367
20051120 -368
20051122 -369
20051124 -365
20051126 -353
20051128 -352
20051130 -354
20051202 -350
20051204 -351
20051206 -349
20051208 -349
20051210 -353
20051212 -353
20051214 -353
20051216 -349
20051218 -351
20051220 -352
20051222 -352
20051224 -352
20051226 -352
20051228 -352
20051230 -353
20060101 -351
20060103 -355
20060105 -354
20060107 -356
20060109 -358
20060111 -357
20060113 -359
20060115 -359
20060117 -356
20060119 -360
20060121 -360
20060123 -364
20060125 -360
20060127 -362
20060129 -363
20060309 -365
20060311 -366
20060313 -366
20060315 -366
20060317 -366
20060319 -366
20060321 -366
20060323 -367
20060325 -368
20060327 -367
20060329 -370
20060331 -370
20060402 -369
20060404 -371
20060406 -370
20060408 -370
20060410 -372
20060412 -371
20060414 -371
20060416 -370
20060418 -372
20060420 -373
20060422 -374
20060424 -373
20060426 -374
20060428 -375
20060430 -374
20060502 -374
20060504 -375
20060506 -376
20060508 -376
20060510 -376
20060512 -377
20060514 -380
20060516 -379
20060518 -377
20060520 -373
20060522 -372
20060524 -374
20060526 -372
20060528 -372
20060530 -372
20060601 -366
20060603 -368
20060605 -367
20060607 -368
20060609 -370
20060611 -371
20060613 -371
20060615 -368
20060617 -368
20060619 -369
20060621 -368
20060623 -370
20060625 -370
20060627 -370
20060629 -372
20060701 -374
20060703 -375
20060705 -375
20060707 -376
20060709 -376
20060711 -376
20060713 -377
20060715 -378
20060717 -378
20060719 -380
20060721 -381
20060723 -381
20060725 -381
20060727 -380
20060729 -381
20060731 -380
20060802 -377
20060804 -375
20060806 -375
20060808 -376
20060810 -375
20060812 -374
20060814 -369
20060816 -367
20060818 -368
20060820 -366
20060822 -364
20060824 -362
20060826 -358
20060828 -356
20060830 -355
20060901 -356
20060903 -354
20060905 -357
20060907 -357
20060909 -359
20060911 -360
20060913 -357
20060915 -357
20060917 -359
20060919 -361
20060921 -360
20060923 -362
20060925 -362
20060927 -364
20060929 -363
20061001 -364
20061003 -362
20061005 -364
20061007 -361
20061009 -360
20061011 -360
20061013 -363
20061015 -363
20061017 -361
20061019 -360
20061021 -360
20061023 -360
20061025 -357
20061027 -358
20061029 -358
20061031 -356
20061102 -359
20061104 -358
20061106 -358
20061108 -357
20061110 -359
20061112 -356
20061114 -353
20061116 -351
20061118 -352
20061120 -350
20061122 -347
20061124 -346
20061126 -349
20061128 -348
20061130 -352
20061202 -350
20061204 -348
20061206 -350
20061208 -344
20061210 -348
20061212 -345
20061214 -345
20061216 -345
20061218 -348
20061220 -350
20061222 -351
20061224 -352
20061226 -353
20061228 -352
20061230 -352
20070101 -353
20070103 -353
20070105 -352
20070107 -352
20070109 -350
20070111 -348
20070113 -350
20070115 -351
20070117 -350
20070119 -344
20070121 -342
20070123 -343
20070125 -345
20070127 -347
20070129 -347
20070131 -347
20070202 -350
20070204 -352
20070206 -350
20070208 -347
20070210 -350
20070212 -346
20070214 -347
20070216 -348
20070218 -349
20070220 -349
20070222 -350
20070224 -349
20070226 -348
20070228 -344
20070302 -344
20070304 -341
20070306 -337
20070308 -336
20070310 -339
20070312 -338
20070314 -341
20070316 -340
20070318 -338
20070320 -340
20070322 -342
20070324 -344
20070326 -346
20070328 -346
20070330 -347
20070401 -350
20070403 -351
20070405 -352
20070407 -353
20070409 -354
20070411 -356
20070413 -356
20070415 -356
20070417 -358
20070419 -358
20070421 -359
20070423 -359
20070425 -360
20070427 -362
20070429 -362
20070501 -363
20070503 -363
20070505 -364
20070507 -362
20070509 -362
20070511 -359
20070513 -357
20070515 -360
20070517 -360
20070519 -359
20070521 -360
20070523 -361
20070525 -360
20070527 -358
20070529 -360
20070531 -361
20070602 -363
20070604 -365
20070606 -364
20070608 -363
20070610 -363
20070612 -362
20070614 -363
20070616 -361
20070618 -360
20070620 -360
20070622 -358
20070624 -354
20070626 -350
20070628 -350
20070630 -351
20070702 -349
20070704 -348
20070706 -343
20070708 -344
20070710 -344
20070712 -345
20070714 -346
20070716 -346
20070718 -345
20070720 -346
20070722 -345
20070724 -342
20070726 -344
20070728 -346
20070730 -339
20070801 -339
20070803 -343
20070805 -343
20070807 -346
20070809 -348
20070811 -349
20070813 -351
20070815 -349
20070817 -352
20070819 -351
20070821 -352
20070823 -354
20070825 -356
20070827 -357
20070829 -358
20070831 -359
20070902 -359
20070904 -360
20070906 -360
20070908 -360
20070910 -359
20070912 -362
20070914 -362
20070916 -362
20070918 -362
20070920 -362
20070922 -363
20070924 -362
20070926 -361
20070928 -361
20070930 -362
20080207 -360
20080209 -360
20080211 -362
20080213 -362
20080215 -363
20080217 -363
20080219 -362
20080221 -362
20080223 -365
20080225 -365
20080227 -364
20080229 -365
20080302 -365
20080304 -368
20080306 -368
20080308 -367
20080310 -362
20080312 -364
20080314 -366
20080316 -364
20080318 -365
20080320 -364
20080322 -359
20080324 -358
20080326 -356
20080328 -356
20080330 -355
20080401 -357
20080403 -359
20080405 -355
20080407 -355
20080409 -355
20080411 -356
20080413 -358
20080415 -360
20080417 -360
20080419 -361
20080421 -362
20080423 -365
20080425 -366
20080427 -366
20080429 -363
20080501 -366
20080503 -368
20080505 -368
20080507 -366
20080509 -367
20080511 -369
20080513 -369
20080515 -369
20080517 -366
20080519 -368
20080521 -368
20080523 -370
20080525 -369
20080527 -368
20080529 -367
20080531 -369
20080602 -367
20080604 -367
20080606 -367
20080608 -368
20080610 -369
20080612 -368
20080614 -369
20080616 -368
20080618 -370
20080620 -370
20080622 -371
20080624 -374
20080626 -374
20080628 -374
20080630 -375
20080702 -374
20080704 -375
20080706 -374
20080708 -373
20080710 -369
20080712 -368
20080714 -370
20080716 -369
20080718 -367
20080720 -367
20080722 -367
20080724 -366
20080726 -366
20080728 -365
20080730 -366
20080801 -365
20080803 -365
20080805 -365
20080807 -361
20080809 -358
20080811 -357
20080813 -358
20080815 -360
20080817 -360
20080819 -359
20080821 -360
20080823 -359
20080825 -361
20080827 -363
20080829 -362
20080831 -362
20080902 -361
20080904 -359
20080906 -360
20080908 -361
20080910 -362
20080912 -361
20080914 -362
20080916 -363
20080917 -360
20080919 -360
20080921 -361
20080923 -361
20080925 -362
20080927 -363
20080929 -361
20081001 -358
20081003 -356
20081005 -354
20081007 -353
20081009 -356
20081011 -355
20081013 -354
20081015 -355
20081017 -355
20081019 -356
20081021 -355
20081023 -357
20081025 -359
20081027 -355
20081029 -354
20081031 -355
20081102 -357
20081104 -358
20081106 -357
20081108 -358
20081110 -357
20081112 -354
20081114 -353
20081116 -354
20081118 -352
20081120 -353
20081122 -353
20081124 -348
20081126 -350
20081128 -348
20081130 -347
20081202 -348
20081204 -343
20081206 -346
20081208 -349
20081210 -348
20081212 -346
20081214 -345
20081216 -348
20081218 -350
20081220 -351
20081222 -353
20081224 -353
20081226 -354
20081228 -354
20081230 -356
20090101 -356
20090103 -356
20090105 -356
20090107 -356
20090109 -358
20090111 -358
20090113 -357
20090115 -358
20090117 -359
20090119 -352
20090121 -357
20090123 -348
20090125 -351
20090127 -354
20090129 -355
20090131 -355
20090202 -355
20090204 -356
20090206 -355
20090208 -357
20090210 -353
20090212 -354
20090214 -356
20090216 -353
20090218 -353
20090220 -352
20090222 -351
20090224 -354
20090226 -353
20090228 -352
20090302 -353
20090304 -351
20090306 -355
20090308 -355
20090310 -355
20090312 -357
20090314 -358
20090316 -361
20090318 -361
20090320 -362
20090322 -361
20090324 -359
20090326 -358
20090328 -356
20090330 -358
20090401 -358
20090403 -358
20090405 -360
