2550
2
date -9999
head -9999
19911114 -190
19911128 -205
19911213 -215
19911228 -203
19920114 -202
19920128 -217
19920214 -203
19920228 -215
19920314 -185
19920328 -195
19920414 -200
19920428 -210
19920514 -205
19920527 -255
19920714 -275
19920728 -280
19920914 -240
19920928 -245
19921014 -233
19921028 -192
19921113 -190
19921127 -195
19921214 -200
19921228 -215
19930114 -202
19930128 -205
19930215 -220
19930227 -215
19930315 -215
19930327 -215
19930414 -207
19930428 -217
19930614 -220
19930628 -223
19930714 -215
19930728 -195
19930814 -217
19930828 -210
19930914 -195
19930928 -205
19931014 -175
19931028 -220
19931115 -173
19931129 -215
19931214 -180
19931228 -200
19940114 -190
19940128 -200
19940214 -215
19940228 -187
19940314 -185
19940328 -205
19940414 -210
19940428 -207
19940514 -206
19940520 -209
19940528 -210
19940614 -210
19940628 -227
19940714 -255
19940728 -280
19940815 -280
19940829 -255
19940914 -250
19940928 -215
19941014 -215
19941028 -188
19941114 -200
19941128 -215
19941214 -210
19941228 -170
19950113 -190
19950128 -165
19950214 -195
19950228 -190
19950314 -210
19950328 -205
19950414 -215
19950428 -220
19950515 -220
19950529 -227
19950614 -213
19950628 -255
19950714 -260
19950728 -275
19950814 -275
19950828 -270
19950914 -270
19950928 -225
19951013 -245
19951028 -250
19951114 -245
19951128 -220
19951214 -225
19951228 -215
19960113 -205
19960129 -220
19960214 -185
19960228 -195
19960314 -220
19960328 -210
19960413 -215
19960427 -215
19960514 -215
19960528 -218
19960614 -245
19960628 -245
19960714 -270
19960729 -265
19960814 -265
19960828 -275
19960914 -280
19960928 -275
19961014 -255
19961028 -240
19961114 -185
19961128 -170
19961214 -205
19961228 -215
19970114 -220
19970128 -205
19970214 -175
19970228 -210
19970314 -215
19970328 -205
19970414 -215
19970428 -195
19970514 -200
19970528 -215
19970614 -225
19970628 -225
19970714 -250
19970728 -250
19970814 -260
19970828 -275
19970915 -290
19970929 -275
19971014 -225
19971028 -225
19971114 -215
19971128 -190
19971215 -190
19971227 -175
19980114 -190
19980128 -200
19980214 -213
19980228 -175
19980314 -200
19980328 -200
19980414 -165
19980428 -175
19980514 -240
19980528 -235
19980614 -205
19980629 -235
19981014 -165
19981028 -153
19981115 -146
19981129 -156
19981215 -153
19981229 -161
19990114 -154
19990128 -150
19990215 -171
19990301 -165
19990315 -183
19990329 -180
19990414 -160
19990428 -195
19990514 -215
19990528 -237
19990615 -245
19990629 -254
19990715 -280
19990729 -293
19990814 -255
19990828 -262
19990915 -291
19990929 -279
19991015 -234
19991029 -219
19991114 -198
19991128 -171
19991214 -155
20000329 -173
20000414 -179
20000428 -198
20000514 -244
20000528 -217
20000615 -232
20000628 -275
20000714 -251
20000728 -253
20000815 -303
20000829 -324
20000914 -335
20010312 -170
20010314 -176
20010316 -182
20010318 -172
20010320 -170
20010322 -165
20010324 -156
20010326 -172
20010328 -177
20010330 -170
20010401 -180
20010403 -185
20010405 -184
20010407 -165
20010409 -172
20010411 -178
20010413 -186
20010415 -163
20010417 -175
20010419 -165
20010421 -166
20010423 -178
20010425 -171
20010427 -168
20010429 -175
20010501 -181
20010503 -184
20010505 -185
20010507 -192
20010509 -198
20010511 -207
20010513 -213
20010515 -211
20010517 -206
20010519 -213
20010521 -218
20010523 -224
20010525 -230
20010527 -229
20010529 -231
20010531 -234
20010602 -228
20010604 -232
20010606 -238
20010608 -242
20010610 -247
20010612 -249
20010614 -252
20010616 -254
20010618 -247
20010620 -255
20010621 -257
20010623 -260
20010625 -267
20010627 -273
20010629 -277
20010701 -282
20010703 -283
20010705 -291
20010707 -260
20010709 -246
20010711 -250
20010713 -253
20010715 -248
20010717 -258
20010719 -249
20010721 -249
20010723 -256
20010725 -265
20010727 -275
20010729 -283
20010731 -289
20010802 -292
20010804 -295
20010806 -254
20010808 -226
20010810 -217
20010812 -227
20010814 -238
20010816 -252
20010818 -259
20010820 -264
20010822 -271
20010824 -277
20010826 -283
20010828 -281
20010830 -287
20010901 -287
20010903 -274
20010905 -250
20010907 -251
20010909 -241
20010911 -241
20010913 -213
20010915 -214
20010917 -179
20010919 -153
20010921 -167
20010923 -177
20010925 -162
20010927 -161
20010929 -182
20011001 -186
20011003 -184
20011005 -198
20011007 -200
20011009 -211
20020116 -213
20020118 -217
20020120 -209
20020122 -206
20020124 -203
20020126 -197
20020128 -203
20020130 -213
20020201 -218
20020203 -227
20020205 -200
20020207 -212
20020209 -202
20020211 -197
20020213 -210
20020215 -223
20020217 -227
20020219 -220
20020221 -203
20020223 -202
20020225 -199
20020227 -206
20020301 -209
20020303 -219
20020305 -226
20020307 -219
20020309 -228
20020311 -236
20020313 -224
20020315 -235
20020317 -231
20020319 -214
20020321 -207
20020323 -224
20020325 -232
20020327 -238
20020329 -242
20020331 -244
20020402 -246
20020404 -249
20020406 -253
20020408 -253
20020410 -252
20020412 -252
20020414 -254
20020416 -239
20020418 -242
20020420 -242
20020422 -248
20020424 -253
20020426 -246
20020428 -233
20020430 -230
20020502 -226
20020504 -241
20020506 -240
20020905 -195
20020907 -202
20020909 -208
20020911 -201
20020913 -208
20020915 -213
20020917 -219
20020919 -223
20020921 -227
20020923 -229
20020925 -240
20020927 -232
20020929 -229
20021001 -236
20021003 -237
20021005 -242
20021007 -226
20021009 -231
20021011 -227
20021013 -229
20021015 -217
20021017 -221
20021019 -192
20021021 -199
20021023 -189
20021025 -212
20021027 -209
20021029 -184
20021031 -167
20021102 -165
20021104 -145
20021106 -154
20021108 -127
20021110 -125
20021112 -121
20021114 -131
20021116 -133
20021118 -133
20021120 -133
20021122 -133
20021124 -125
20021126 -114
20021128 -119
20021130 -115
20021202 -126
20021204 -133
20021206 -130
20021208 -140
20021210 -148
20021212 -154
20021214 -145
20021216 -129
20021218 -126
20021220 -143
20021222 -119
20021224 -115
20021226 -109
20021228 -103
20021230 -114
20030101 -107
20030103 -103
20030105 -124
20030107 -127
20030109 -139
20030111 -138
20030113 -125
20030115 -128
20030117 -132
20030120 -178
20030122 -163
20030124 -176
20030126 -169
20030128 -170
20030130 -160
20030201 -176
20030203 -158
20030205 -163
20030207 -173
20030209 -177
20030211 -182
20030213 -187
20030215 -195
20030217 -199
20030219 -202
20030221 -205
20030223 -204
20030225 -199
20030227 -199
20030301 -193
20030303 -193
20030305 -193
20030307 -195
20030309 -177
20030311 -177
20030313 -188
20030315 -194
20030317 -196
20030319 -197
20030321 -199
20030323 -200
20030325 -202
20030327 -202
20030329 -203
20030331 -204
20030402 -159
20030404 -176
20030406 -185
20030408 -190
20030410 -191
20030412 -195
20030414 -199
20030416 -203
20030418 -208
20030420 -208
20030422 -195
20030424 -198
20030426 -189
20030428 -199
20030430 -194
20030502 -205
20030504 -209
20030506 -209
20030508 -215
20030510 -217
20030512 -206
20030514 -198
20030516 -208
20030518 -210
20030520 -207
20030522 -198
20030524 -188
20030526 -201
20030528 -221
20030530 -235
20030601 -245
20030603 -247
20030605 -246
20030607 -256
20030609 -257
20030611 -262
20030613 -268
20030615 -272
20030617 -279
20030619 -280
20030621 -285
20030623 -291
20030625 -295
20030627 -300
20030629 -296
20030701 -291
20030703 -288
20030705 -286
20030707 -290
20030709 -301
20030711 -307
20030713 -309
20030715 -312
20030717 -315
20030719 -308
20030721 -316
20030723 -321
20030725 -315
20030727 -308
20030729 -320
20030731 -327
20030802 -333
20030804 -346
20030806 -348
20030808 -350
20030810 -351
20030812 -352
20030814 -353
20030816 -354
20030818 -356
20030820 -325
20030822 -312
20030824 -311
20030826 -329
20030827 -333
20030828 -331
20030829 -329
20030830 -326
20030831 -320
20030901 -323
20030902 -327
20030903 -332
20030904 -329
20030905 -339
20030906 -345
20030907 -346
20030908 -316
20030909 -311
20030910 -304
20030911 -297
20030912 -293
20030913 -298
20030914 -299
20030915 -304
20030916 -306
20030917 -312
20030918 -322
20030919 -323
20030920 -327
20030921 -330
20030922 -348
20030923 -315
20030924 -304
20030925 -314
20030926 -316
20030927 -310
20030928 -315
20030929 -304
20030930 -300
20031001 -302
20031002 -293
20031003 -296
20031004 -298
20031005 -286
20031006 -284
20031007 -269
20031008 -265
20031009 -262
20031010 -266
20031011 -264
20031012 -263
20031013 -265
20031014 -265
20031015 -267
20031016 -264
20031017 -267
20031018 -265
20031019 -264
20031020 -267
20031021 -262
20031022 -262
20031023 -261
20031024 -259
20031025 -259
20031026 -261
20031027 -257
20031028 -253
20031029 -257
20031030 -256
20031031 -249
20031101 -247
20031102 -253
20031103 -252
20031104 -248
20031105 -251
20031106 -250
20031107 -243
20031108 -248
20031109 -249
20031110 -248
20031111 -246
20031112 -246
20031113 -228
20031114 -226
20031115 -227
20031116 -224
20031117 -222
20031118 -219
20031119 -219
20031120 -219
20031121 -219
20031122 -216
20031123 -209
20031124 -189
20031125 -196
20031126 -198
20031127 -202
20031128 -205
20031129 -205
20031130 -199
20031201 -193
20031202 -198
20031203 -203
20031204 -205
20031205 -207
20031206 -208
20031207 -210
20031208 -211
20031209 -211
20031210 -213
20031211 -209
20031212 -206
20031213 -182
20031214 -186
20031215 -190
20031216 -195
20031217 -197
20031218 -200
20031219 -201
20031220 -195
20031221 -188
20031222 -189
20031223 -186
20031224 -190
20031225 -194
20031226 -196
20031227 -199
20031228 -181
20031229 -189
20031230 -191
20031231 -195
20040101 -196
20040102 -200
20040103 -202
20040104 -199
20040105 -199
20040106 -189
20040107 -192
20040108 -188
20040109 -191
20040110 -195
20040111 -185
20040112 -188
20040113 -185
20040114 -177
20040115 -186
20040116 -179
20040117 -181
20040118 -189
20040119 -176
20040120 -185
20040121 -188
20040122 -190
20040123 -193
20040124 -190
20040125 -194
20040126 -196
20040127 -198
20040128 -188
20040129 -180
20040130 -187
20040131 -178
20040201 -182
20040202 -180
20040203 -186
20040204 -189
20040205 -188
20040206 -186
20040207 -186
20040208 -182
20040209 -179
20040210 -187
20040211 -183
20040212 -188
20040213 -191
20040214 -194
20040215 -197
20040216 -198
20040217 -200
20040218 -201
20040219 -202
20040220 -204
20040221 -205
20040222 -205
20040223 -204
20040224 -200
20040225 -184
20040226 -178
20040227 -183
20040228 -186
20040229 -189
20040301 -192
20040302 -194
20040303 -197
20040304 -199
20040305 -201
20040306 -186
20040307 -192
20040308 -196
20040309 -200
20040310 -202
20040311 -202
20040312 -204
20040313 -206
20040314 -208
20040315 -210
20040316 -212
20040317 -213
20040318 -212
20040319 -173
20040320 -183
20040321 -190
20040322 -186
20040323 -186
20040324 -192
20040325 -196
20040326 -198
20040327 -200
20040328 -204
20040329 -205
20040330 -206
20040331 -208
20040401 -209
20040402 -211
20040403 -211
20040404 -208
20040405 -208
20040406 -206
20040407 -199
20040408 -188
20040409 -194
20040410 -198
20040411 -202
20040412 -206
20040413 -207
20040414 -208
20040415 -209
20040416 -211
20040417 -211
20040418 -210
20040419 -212
20040420 -213
20040421 -214
20040422 -216
20040423 -218
20040424 -218
20040425 -219
20040426 -221
20040427 -224
20040428 -217
20040429 -203
20040430 -212
20040501 -207
20040502 -209
20040503 -217
20040504 -215
20040505 -219
20040506 -224
20040507 -212
20040508 -207
20040509 -216
20040510 -219
20040511 -221
20040512 -225
20040513 -227
20040514 -229
20040515 -233
20040516 -234
20040517 -238
20040518 -241
20040519 -243
20040520 -244
20040521 -244
20040522 -244
20040523 -246
20040524 -246
20040525 -244
20040526 -245
20040527 -244
20040528 -245
20040529 -249
20040530 -247
20040531 -243
20040601 -248
20040602 -239
20040603 -240
20040604 -234
20040605 -236
20040606 -239
20040607 -247
20040608 -252
20040609 -255
20040610 -254
20040611 -255
20040612 -256
20040613 -258
20040614 -261
20040615 -262
20040616 -264
20040617 -264
20040618 -265
20040619 -267
20040620 -267
20040621 -267
20040622 -268
20040623 -262
20040624 -232
20040625 -235
20040626 -241
20040627 -241
20040628 -246
20040629 -248
20040630 -251
20040701 -253
20040702 -250
20040703 -229
20040704 -234
20040705 -239
20040706 -244
20040707 -250
20040708 -248
20040709 -225
20040710 -230
20040711 -232
20040712 -233
20040713 -240
20040714 -241
20040715 -238
20040716 -235
20040717 -245
20040718 -222
20040719 -229
20040720 -228
20040721 -232
20040722 -239
20040723 -241
20040724 -247
20040725 -247
20040726 -249
20040727 -254
20040728 -258
20040729 -262
20040730 -267
20040731 -270
20040801 -271
20040802 -273
20040803 -277
20040804 -280
20040805 -282
20040806 -284
20040807 -283
20040808 -286
20040809 -291
20040810 -295
20040811 -294
20040812 -292
20040813 -278
20040814 -274
20040815 -276
20040816 -254
20040817 -257
20040818 -261
20040819 -262
20040820 -260
20040821 -258
20040822 -262
20040823 -263
20040824 -246
20040825 -206
20040826 -212
20040827 -200
20040828 -206
20040829 -215
20040830 -196
20040831 -199
20040901 -210
20040902 -221
20040903 -231
20040904 -237
20040905 -240
20040906 -243
20040907 -244
20040908 -245
20040909 -247
20040910 -251
20040911 -251
20040912 -254
20040913 -254
20040914 -254
20040915 -255
20040916 -256
20040917 -260
20040918 -262
20040919 -262
20040920 -263
20040921 -264
20040922 -260
20040923 -225
20040924 -213
20040925 -213
20040926 -204
20040927 -208
20040928 -211
20040929 -194
20040930 -198
20041001 -191
20041002 -202
20041003 -204
20041004 -209
20041005 -209
20041006 -214
20041007 -209
20041008 -211
20041009 -214
20041010 -217
20041011 -218
20041012 -221
20041013 -222
20041014 -223
20041015 -223
20041016 -221
20041017 -220
20041018 -214
20041019 -214
20041020 -210
20041021 -206
20041022 -210
20041023 -201
20041024 -200
20041025 -203
20041026 -206
20041027 -205
20041028 -201
20041029 -203
20041030 -199
20041031 -202
20041101 -204
20041102 -199
20041103 -194
20041104 -198
20041105 -201
20041106 -202
20041107 -203
20041108 -204
20041109 -206
20041110 -194
20041111 -198
20041112 -198
20041113 -186
20041114 -186
20041115 -190
20041116 -192
20041117 -187
20041118 -169
20041119 -168
20041120 -168
20041121 -174
20041122 -176
20041123 -181
20041124 -183
20041125 -186
20041126 -184
20041127 -185
20041128 -185
20041129 -189
20041130 -190
20041201 -192
20041202 -194
20041203 -210
20041204 -212
20041205 -212
20041206 -211
20041207 -214
20041208 -214
20041209 -215
20041210 -215
20041211 -216
20041212 -218
20041213 -219
20041214 -219
20041215 -219
20041216 -215
20041217 -192
20041218 -190
20041219 -197
20041220 -201
20041221 -206
20041222 -196
20041223 -195
20041224 -200
20041225 -186
20041226 -192
20041227 -197
20041228 -181
20041229 -188
20041230 -191
20041231 -189
20050101 -193
20050102 -197
20050103 -201
20050104 -204
20050105 -200
20050106 -199
20050107 -203
20050108 -207
20050109 -210
20050110 -211
20050111 -204
20050112 -209
20050113 -213
20050114 -214
20050115 -215
20050116 -216
20050117 -213
20050118 -189
20050119 -190
20050120 -175
20050121 -185
20050122 -189
20050123 -182
20050124 -184
20050125 -193
20050126 -198
20050127 -191
20050128 -193
20050129 -198
20050130 -202
20050131 -191
20050201 -185
20050202 -190
20050203 -194
20050204 -196
20050205 -200
20050206 -204
20050207 -206
20050208 -209
20050209 -206
20050210 -183
20050211 -187
20050212 -180
20050213 -179
20050214 -182
20050215 -188
20050216 -192
20050217 -195
20050218 -197
20050219 -186
20050220 -188
20050221 -190
20050222 -195
20050223 -197
20050224 -199
20050225 -201
20050226 -204
20050227 -210
20050228 -211
20050301 -212
20050302 -211
20050303 -212
20050304 -212
20050305 -213
20050306 -215
20050307 -181
20050308 -186
20050309 -188
20050310 -193
20050311 -192
20050312 -188
20050313 -192
20050314 -197
20050315 -201
20050316 -205
20050317 -197
20050318 -200
20050319 -200
20050320 -202
20050321 -205
20050322 -207
20050323 -207
20050324 -209
20050325 -207
20050326 -207
20050327 -190
20050328 -178
20050329 -184
20050330 -189
20050331 -190
20050401 -194
20050402 -198
20050403 -200
20050404 -193
20050405 -193
20050406 -194
20050407 -198
20050408 -198
20050409 -190
20050410 -190
20050411 -196
20050412 -200
20050413 -185
20050414 -182
20050415 -190
20050416 -175
20050417 -184
20050418 -185
20050419 -177
20050420 -174
20050421 -182
20050422 -189
20050423 -194
20050424 -198
20050425 -202
20050426 -201
20050427 -192
20050428 -199
20050429 -182
20050430 -188
20050501 -194
20050502 -192
20050503 -194
20050504 -194
20050505 -199
20050506 -189
20050507 -185
20050508 -190
20050509 -195
20050510 -199
20050511 -204
20050512 -206
20050513 -209
20050514 -212
20050515 -213
20050516 -214
20050517 -215
20050518 -216
20050519 -217
20050520 -214
20050521 -216
20050522 -216
20050523 -219
20050524 -220
20050525 -222
20050526 -223
20050527 -224
20050528 -227
20050529 -227
20050530 -220
20050531 -220
20050601 -222
20050602 -222
20050603 -179
20050604 -184
20050605 -189
20050606 -198
20050607 -204
20050608 -208
20050609 -211
20050610 -213
20050611 -216
20050612 -215
20050613 -210
20050614 -216
20050615 -218
20050616 -221
20050617 -222
20050618 -224
20050619 -226
20050620 -229
20050621 -230
20050622 -232
20050623 -234
20050624 -235
20050625 -229
20050626 -232
20050627 -233
20050628 -235
20050629 -235
20050630 -184
20050701 -188
20050702 -199
20050703 -205
20050704 -169
20050705 -176
20050706 -171
20050707 -181
20050708 -185
20050709 -194
20050710 -202
20050711 -208
20050712 -211
20050713 -213
20050714 -216
20050715 -219
20050716 -222
20050717 -224
20050718 -226
20050719 -228
20050720 -228
20050721 -227
20050722 -228
20050723 -229
20050724 -230
20050725 -213
20050726 -220
20050727 -215
20050728 -219
20050729 -223
20050730 -193
20050731 -170
20050801 -181
20050802 -192
20050803 -185
20050804 -199
20050805 -188
20050806 -195
20050807 -198
20050808 -194
20050809 -203
20050810 -208
20050811 -211
20050812 -167
20050813 -176
20050814 -170
20050815 -177
20050816 -185
20050817 -193
20050818 -200
20050819 -197
20050820 -201
20050821 -206
20050822 -210
20050823 -187
20050824 -197
20050825 -182
20050826 -190
20050827 -196
20050828 -203
20050829 -209
20050830 -213
20050831 -215
20050901 -219
20050902 -222
20050903 -223
20050904 -224
20050905 -226
20050906 -226
20050907 -229
20050908 -231
20050909 -232
20050910 -221
20050911 -221
20050912 -225
20050913 -228
20050914 -229
20050915 -225
20050916 -188
20050917 -182
20050918 -195
20050919 -200
20050920 -205
20050921 -209
20050922 -211
20050923 -214
20050924 -217
20050925 -219
20050926 -216
20050927 -215
20050928 -218
20050929 -192
20050930 -191
20051001 -183
20051002 -171
20051003 -179
20051004 -186
20051005 -191
20051006 -194
20051007 -197
20051008 -199
20051009 -202
20051010 -204
20051011 -206
20051012 -210
20051013 -213
20051014 -214
20051015 -215
20051016 -216
20051017 -219
20051018 -220
20051019 -220
20051020 -205
20051021 -202
20051022 -196
20051023 -183
20051024 -167
20051025 -169
20051026 -178
20051027 -182
20051028 -187
20051029 -192
20051030 -195
20051031 -198
20051101 -202
20051102 -200
20051103 -195
20051104 -202
20051105 -201
20051106 -204
20051107 -199
20051108 -201
20051109 -206
20051110 -207
20051111 -199
20051112 -202
20051113 -207
20051114 -209
20051115 -200
20051116 -174
20051117 -171
20051118 -173
20051119 -176
20051120 -177
20051121 -181
20051122 -187
20051123 -191
20051124 -189
20051125 -164
20051126 -168
20051127 -169
20051128 -170
20051129 -172
20051130 -173
20051201 -176
20051202 -178
20051203 -181
20051204 -178
20051205 -169
20051206 -170
20051207 -168
20051208 -173
20051209 -177
20051210 -180
20051211 -184
20051212 -187
20051213 -190
20051214 -179
20051215 -184
20051216 -169
20051217 -167
20051218 -170
20051219 -168
20051220 -173
20051221 -176
20051222 -173
20051223 -175
20051224 -178
20051225 -182
20051226 -177
20051227 -183
20051228 -189
20051229 -192
20051230 -192
20051231 -169
20060101 -171
20060102 -175
20060103 -181
20060104 -183
20060105 -187
20060106 -190
20060107 -193
20060108 -196
20060109 -199
20060110 -199
20060111 -190
20060112 -191
20060113 -193
20060114 -197
20060115 -200
20060116 -203
20060117 -176
20060118 -183
20060119 -188
20060120 -188
20060121 -179
20060122 -190
20060123 -195
20060124 -200
20060125 -200
20060126 -198
20060127 -202
20060128 -206
20060129 -209
20060308 -209
20060309 -210
20060310 -208
20060311 -214
20060312 -217
20060313 -220
20060314 -223
20060315 -229
20060316 -233
20060317 -235
20060318 -237
20060319 -239
20060320 -242
20060321 -244
20060322 -246
20060323 -247
20060324 -247
20060325 -239
20060326 -222
20060327 -214
20060328 -222
20060329 -219
20060330 -212
20060331 -219
20060401 -221
20060402 -211
20060403 -214
20060404 -217
20060405 -223
20060406 -230
20060407 -234
20060408 -235
20060409 -241
20060410 -242
20060411 -243
20060412 -241
20060413 -242
20060414 -244
20060415 -245
20060416 -225
20060417 -233
20060418 -238
20060419 -241
20060420 -245
20060421 -247
20060422 -247
20060423 -248
20060424 -248
20060425 -251
20060426 -252
20060427 -254
20060428 -254
20060429 -255
20060430 -255
20060501 -252
20060502 -239
20060503 -245
20060504 -249
20060505 -252
20060506 -254
20060507 -257
20060508 -258
20060509 -260
20060510 -262
20060511 -262
20060512 -264
20060513 -265
20060514 -267
20060515 -266
20060516 -268
20060517 -268
20060518 -263
20060519 -246
20060520 -239
20060521 -225
20060522 -230
20060523 -232
20060524 -236
20060525 -216
20060526 -206
20060527 -212
20060528 -216
20060529 -223
20060530 -226
20060531 -229
20060601 -189
20060602 -196
20060603 -199
20060604 -202
20060605 -205
20060606 -210
20060607 -210
20060608 -214
20060609 -216
20060610 -218
20060611 -221
20060612 -223
20060613 -225
20060614 -225
20060615 -209
20060616 -211
20060617 -216
20060618 -220
20060619 -219
20060620 -223
20060621 -221
20060622 -224
20060623 -227
20060624 -228
20060625 -230
20060626 -225
20060627 -225
20060628 -227
20060629 -230
20060630 -232
20060701 -233
20060702 -235
20060703 -236
20060704 -237
20060705 -238
20060706 -239
20060707 -239
20060708 -240
20060709 -239
20060710 -241
20060711 -234
20060712 -236
20060713 -238
20060714 -241
20060715 -243
20060716 -245
20060717 -246
20060718 -247
20060719 -248
20060720 -248
20060721 -249
20060722 -250
20060723 -252
20060724 -252
20060725 -253
20060726 -254
20060727 -254
20060728 -255
20060729 -256
20060730 -257
20060731 -256
20060801 -249
20060802 -223
20060803 -216
20060804 -182
20060805 -201
20060806 -209
20060807 -215
20060808 -220
20060809 -222
20060810 -199
20060811 -185
20060812 -174
20060813 -183
20060814 -163
20060815 -172
20060816 -179
20060817 -185
20060818 -176
20060819 -188
20060820 -163
20060821 -173
20060822 -169
20060823 -175
20060824 -170
20060825 -162
20060826 -169
20060827 -172
20060828 -165
20060829 -165
20060830 -164
20060831 -167
20060901 -172
20060902 -176
20060903 -167
20060904 -175
20060905 -181
20060906 -185
20060907 -191
20060908 -197
20060909 -199
20060910 -202
20060911 -204
20060912 -206
20060913 -208
20060914 -210
20060915 -212
20060916 -215
20060917 -217
20060918 -217
20060919 -218
20060920 -218
20060921 -220
20060922 -222
20060923 -223
20060924 -222
20060925 -222
20060926 -225
20060927 -223
20060928 -224
20060929 -225
20060930 -227
20061001 -226
20061002 -220
20061003 -185
20061004 -173
20061005 -181
20061006 -164
20061007 -170
20061008 -175
20061009 -180
20061010 -183
20061011 -186
20061012 -189
20061013 -192
20061014 -194
20061015 -197
20061016 -198
20061017 -200
20061018 -198
20061019 -192
20061020 -196
20061021 -197
20061022 -200
20061023 -171
20061024 -164
20061025 -167
20061026 -168
20061027 -175
20061028 -177
20061029 -182
20061030 -185
20061031 -186
20061101 -177
20061102 -166
20061103 -163
20061104 -166
20061105 -169
20061106 -173
20061107 -176
20061108 -179
20061109 -176
20061110 -180
20061111 -164
20061112 -164
20061113 -162
20061114 -167
20061115 -164
20061116 -167
20061117 -164
20061118 -166
20061119 -169
20061120 -164
20061121 -160
20061122 -161
20061123 -160
20061124 -166
20061125 -164
20061126 -169
20061127 -171
20061128 -172
20061129 -176
20061130 -178
20061201 -181
20061202 -162
20061203 -161
20061204 -165
20061205 -164
20061206 -167
20061207 -158
20061208 -158
20061209 -163
20061210 -167
20061211 -162
20061212 -165
20061213 -164
20061214 -168
20061215 -171
20061216 -161
20061217 -166
20061218 -168
20061219 -171
20061220 -174
20061221 -178
20061222 -179
20061223 -183
20061224 -185
20061225 -187
20061226 -188
20061227 -189
20061228 -188
20061229 -189
20061230 -185
20061231 -168
20070101 -169
20070102 -162
20070103 -165
20070104 -167
20070105 -170
20070106 -166
20070107 -163
20070108 -162
20070109 -165
20070110 -166
20070111 -161
20070112 -166
20070113 -168
20070114 -173
20070115 -176
20070116 -176
20070117 -162
20070118 -158
20070119 -166
20070120 -163
20070121 -165
20070122 -164
20070123 -166
20070124 -168
20070125 -174
20070126 -172
20070127 -169
20070128 -171
20070129 -173
20070130 -176
20070131 -180
20070201 -177
20070202 -181
20070203 -184
20070204 -185
20070205 -183
20070206 -179
20070207 -168
20070208 -169
20070209 -166
20070210 -167
20070211 -161
20070212 -162
20070213 -164
20070214 -160
20070215 -165
20070216 -167
20070217 -170
20070218 -172
20070219 -176
20070220 -179
20070221 -170
20070222 -169
20070223 -173
20070224 -169
20070225 -161
20070226 -163
20070227 -160
20070228 -162
20070301 -162
20070302 -164
20070303 -161
20070304 -164
20070305 -162
20070306 -159
20070307 -160
20070308 -163
20070309 -161
20070310 -167
20070311 -168
20070312 -170
20070313 -174
20070314 -179
20070315 -182
20070316 -184
20070317 -188
20070318 -165
20070319 -161
20070320 -164
20070321 -159
20070322 -164
20070323 -167
20070324 -170
20070325 -175
20070326 -181
20070327 -186
20070328 -188
20070329 -191
20070330 -193
20070331 -196
20070401 -200
20070402 -202
20070403 -203
20070404 -205
20070405 -206
20070406 -208
20070407 -209
20070408 -209
20070409 -210
20070410 -212
20070411 -212
20070412 -212
20070413 -213
20070414 -205
20070415 -208
20070416 -209
20070417 -211
20070418 -210
20070419 -211
20070420 -212
20070421 -212
20070422 -212
20070423 -214
20070424 -213
20070425 -212
20070426 -206
20070427 -210
20070428 -211
20070429 -211
20070430 -212
20070501 -213
20070502 -213
20070503 -214
20070504 -213
20070505 -216
20070506 -216
20070507 -204
20070508 -190
20070509 -192
20070510 -188
20070511 -173
20070512 -175
20070513 -180
20070514 -184
20070515 -186
20070516 -176
20070517 -177
20070518 -180
20070519 -184
20070520 -186
20070521 -188
20070522 -190
20070523 -191
20070524 -193
20070525 -194
20070526 -196
20070527 -187
20070528 -189
20070529 -182
20070530 -185
20070531 -188
20070601 -189
20070602 -192
20070603 -194
20070604 -196
20070605 -197
20070606 -199
20070607 -201
20070608 -203
20070609 -195
20070610 -196
20070611 -197
20070612 -198
20070613 -201
20070614 -203
20070615 -185
20070616 -188
20070617 -183
20070618 -176
20070619 -178
20070620 -182
20070621 -184
20070622 -173
20070623 -162
20070624 -171
20070625 -161
20070626 -166
20070627 -170
20070628 -176
20070629 -178
20070630 -181
20070701 -170
20070702 -171
20070703 -174
20070704 -165
20070705 -163
20070706 -169
20070707 -175
20070708 -179
20070709 -179
20070710 -180
20070711 -183
20070712 -185
20070713 -187
20070714 -190
20070715 -185
20070716 -177
20070717 -173
20070718 -180
20070719 -184
20070720 -186
20070721 -181
20070722 -181
20070723 -182
20070724 -173
20070725 -180
20070726 -184
20070727 -184
20070728 -176
20070729 -162
20070730 -169
20070731 -175
20070801 -179
20070802 -184
20070803 -186
20070804 -189
20070805 -190
20070806 -194
20070807 -194
20070808 -197
20070809 -200
20070810 -202
20070811 -205
20070812 -208
20070813 -211
20070814 -212
20070815 -188
20070816 -187
20070817 -170
20070818 -176
20070819 -179
20070820 -182
20070821 -183
20070822 -185
20070823 -188
20070824 -191
20070825 -192
20070826 -194
20070827 -196
20070828 -198
20070829 -201
20070830 -204
20070831 -208
20070901 -212
20070902 -213
20070903 -196
20070904 -197
20070905 -198
20070906 -199
20070907 -200
20070908 -201
20070909 -205
20070910 -207
20070911 -211
20070912 -214
20070913 -214
20070914 -216
20070915 -219
20070916 -218
20070917 -215
20070918 -187
20070919 -189
20070920 -189
20070921 -190
20070922 -192
20070923 -194
20070924 -194
20070925 -189
20070926 -166
20070927 -173
20070928 -166
20070929 -169
20070930 -172
20071001 -177
20071002 -177
20071003 -173
20071004 -175
20071005 -178
20071006 -180
20071007 -182
20071008 -185
20071009 -185
20071010 -185
20071011 -186
20071012 -188
20071013 -189
20071014 -190
20071015 -191
20071016 -193
20071017 -194
20071018 -190
20071019 -191
20071020 -193
20071021 -193
20071022 -194
20071023 -196
20071024 -197
20071025 -198
20071026 -200
20071027 -200
20071028 -201
20071029 -199
20071030 -197
20071031 -198
20071101 -199
20071102 -200
20071103 -198
20071104 -199
20071105 -198
20071106 -192
20071107 -189
20071108 -189
20071109 -178
20071110 -170
20071111 -171
20071112 -169
20071113 -167
20071114 -168
20071115 -172
20071116 -174
20071117 -176
20071118 -177
20071119 -179
20071120 -179
20071121 -180
20071122 -181
20071123 -183
20071124 -184
20071125 -182
20071126 -180
20071127 -181
20071128 -182
20071129 -182
20071130 -182
20071201 -168
20071202 -157
20071203 -162
20071204 -167
20071205 -169
20071206 -153
20071207 -161
20071208 -166
20071209 -164
20071210 -166
20071211 -169
20071212 -172
20071213 -174
20071214 -176
20071215 -177
20071216 -180
20071217 -182
20071218 -184
20071219 -187
20071220 -189
20071221 -190
20071222 -191
20071223 -192
20071224 -189
20071225 -187
20071226 -187
20071227 -185
20071228 -185
20071229 -182
20071230 -182
20071231 -183
20080101 -183
20080102 -184
20080103 -186
20080104 -187
20080105 -182
20080106 -180
20080107 -180
20080108 -180
20080109 -181
20080110 -183
20080111 -164
20080112 -165
20080113 -168
20080114 -171
20080115 -168
20080116 -166
20080117 -170
20080118 -164
20080119 -157
20080120 -162
20080121 -165
20080122 -164
20080123 -167
20080124 -169
20080125 -171
20080126 -174
20080127 -176
20080128 -177
20080129 -179
20080130 -177
20080131 -178
20080201 -177
20080202 -164
20080203 -169
20080204 -170
20080205 -170
20080206 -167
20080207 -172
20080208 -175
20080209 -176
20080210 -178
20080211 -180
20080212 -182
20080213 -183
20080214 -184
20080215 -186
20080216 -189
20080217 -190
20080218 -191
20080219 -190
20080220 -189
20080221 -190
20080222 -191
20080223 -192
20080224 -193
20080225 -185
20080226 -180
20080227 -181
20080228 -184
20080229 -184
20080301 -179
20080302 -182
20080303 -184
20080304 -188
20080305 -188
20080306 -189
20080307 -190
20080308 -191
20080309 -188
20080310 -173
20080311 -164
20080312 -170
20080313 -173
20080314 -176
20080315 -174
20080316 -159
20080317 -168
20080318 -171
20080319 -172
20080320 -171
20080321 -155
20080322 -165
20080323 -168
20080324 -162
20080325 -160
20080326 -165
20080327 -167
20080328 -169
20080329 -169
20080330 -169
20080331 -168
20080401 -168
20080402 -171
20080403 -174
20080404 -176
20080405 -158
20080406 -166
20080407 -169
20080408 -172
20080409 -174
20080410 -176
20080411 -179
20080412 -181
20080413 -183
20080414 -184
20080415 -186
20080416 -187
20080417 -189
20080418 -190
20080419 -193
20080420 -195
20080421 -196
20080422 -199
20080423 -202
20080424 -195
20080425 -197
20080426 -199
20080427 -200
20080428 -202
20080429 -194
20080430 -194
20080501 -196
20080502 -199
20080503 -202
20080504 -205
20080505 -206
20080506 -207
20080507 -209
20080508 -211
20080509 -211
20080510 -214
20080511 -216
20080512 -217
20080513 -218
20080514 -218
20080515 -219
20080516 -191
20080517 -185
20080518 -184
20080519 -188
20080520 -192
20080521 -194
20080522 -196
20080523 -200
20080524 -202
20080525 -203
20080526 -205
20080527 -204
20080528 -205
20080529 -206
20080530 -208
20080531 -211
20080601 -204
20080602 -205
20080603 -200
20080604 -203
20080605 -205
20080606 -208
20080607 -212
20080608 -215
20080609 -218
20080610 -220
20080611 -223
20080612 -222
20080613 -222
20080614 -223
20080615 -208
20080616 -213
20080617 -217
20080618 -221
20080619 -223
20080620 -226
20080621 -228
20080622 -228
20080623 -232
20080624 -232
20080625 -233
20080626 -234
20080627 -235
20080628 -235
20080629 -237
20080630 -237
20080701 -238
20080702 -238
20080703 -238
20080704 -241
20080705 -241
20080706 -240
20080707 -241
20080708 -206
20080709 -198
20080710 -176
20080711 -179
20080712 -170
20080713 -177
20080714 -182
20080715 -186
20080716 -189
20080717 -191
20080718 -181
20080719 -176
20080720 -172
20080721 -168
20080722 -171
20080723 -177
20080724 -180
20080725 -184
20080726 -188
20080727 -191
20080728 -175
20080729 -179
20080730 -183
20080731 -185
20080801 -176
20080802 -181
20080803 -184
20080804 -170
20080805 -176
20080806 -179
20080807 -153
20080808 -165
20080809 -171
20080810 -172
20080811 -176
20080812 -178
20080813 -182
20080814 -183
20080815 -186
20080816 -188
20080817 -190
20080818 -187
20080819 -187
20080820 -170
20080821 -174
20080822 -177
20080823 -174
20080824 -178
20080825 -181
20080826 -184
20080827 -187
20080828 -189
20080829 -191
20080830 -193
20080831 -195
20080901 -199
20080902 -200
20080903 -194
20080904 -195
20080905 -197
20080906 -196
20080907 -199
20080908 -180
20080909 -181
20080910 -184
20080911 -182
20080912 -173
20080913 -170
20080914 -176
20080915 -180
20080916 -182
20080917 -184
20080918 -186
20080919 -190
20080920 -193
20080921 -194
20080922 -197
20080923 -199
20080924 -202
20080925 -206
20080926 -210
20080927 -212
20080928 -214
20080929 -212
20080930 -189
20081001 -170
20081002 -167
20081003 -163
20081004 -166
20081005 -156
20081006 -166
20081007 -168
20081008 -172
20081009 -175
20081010 -177
20081011 -179
20081012 -180
20081013 -182
20081014 -184
20081015 -184
20081016 -182
20081017 -168
20081018 -170
20081019 -173
20081020 -175
20081021 -167
20081022 -171
20081023 -174
20081024 -174
20081025 -174
20081026 -175
20081027 -164
20081028 -159
20081029 -164
20081030 -167
20081031 -170
20081101 -172
20081102 -172
20081103 -174
20081104 -176
20081105 -177
20081106 -178
20081107 -179
20081108 -180
20081109 -174
20081110 -172
20081111 -160
20081112 -167
20081113 -165
20081114 -168
20081115 -170
20081116 -170
20081117 -174
20081118 -175
20081119 -176
20081120 -177
20081121 -170
20081122 -166
20081123 -160
20081124 -162
20081125 -164
20081126 -168
20081127 -169
20081128 -172
20081129 -173
20081130 -174
20081201 -164
20081202 -162
20081203 -161
20081204 -164
20081205 -166
20081206 -166
20081207 -170
20081208 -172
20081209 -168
20081210 -164
20081211 -161
20081212 -167
20081213 -170
20081214 -174
20081215 -176
20081216 -177
20081217 -176
20081218 -178
20081219 -176
20081220 -170
20081221 -171
20081222 -174
20081223 -176
20081224 -177
20081225 -179
20081226 -182
20081227 -184
20081228 -186
20081229 -188
20081230 -191
20081231 -193
20090101 -194
20090102 -194
20090103 -195
20090104 -194
20090105 -185
20090106 -185
20090107 -188
20090108 -190
20090109 -192
20090110 -194
20090111 -197
20090112 -196
20090113 -191
20090114 -185
20090115 -183
20090116 -182
20090117 -181
20090118 -170
20090119 -166
20090120 -166
20090121 -170
20090122 -169
20090123 -154
20090124 -162
20090125 -166
20090126 -171
20090127 -174
20090128 -176
20090129 -178
20090130 -181
20090131 -184
20090201 -186
20090202 -188
20090203 -188
20090204 -187
20090205 -183
20090206 -178
20090207 -170
20090208 -170
20090209 -169
20090210 -152
20090211 -164
20090212 -166
20090213 -168
20090214 -172
20090215 -174
20090216 -165
20090217 -160
20090218 -166
20090219 -169
20090220 -169
20090221 -171
20090222 -172
20090223 -174
20090224 -176
20090225 -177
20090226 -178
20090227 -176
20090228 -175
20090301 -177
20090302 -179
20090303 -180
20090304 -180
20090305 -181
20090306 -184
20090307 -186
20090308 -179
20090309 -177
20090310 -173
20090311 -174
20090312 -176
20090313 -176
20090314 -178
20090315 -179
20090316 -182
20090317 -183
20090318 -186
20090319 -187
20090320 -189
20090321 -191
20090322 -192
20090323 -192
20090324 -184
20090325 -167
20090326 -165
20090327 -167
20090328 -157
20090329 -165
20090330 -170
20090331 -173
20090401 -175
20090402 -178
20090403 -179
20090404 -182
20090405 -185
20090406 -185
