313
2
date -9999
head -9999
19710205 -508
19710215 -505
19710228 -511
19710313 -508
19710331 -510
19710415 -514
19710429 -513
19710515 -513
19710530 -510
19710615 -506
19710629 -507
19710714 -508
19710728 -507
19710814 -507
19710829 -506
19710914 -509
19710928 -507
19711014 -509
19711028 -508
19711114 -507
19711128 -505
19711214 -507
19711228 -505
19720114 -504
19720128 -504
19720215 -503
19720229 -506
19720314 -505
19720328 -505
19720414 -505
19720428 -507
19720515 -505
19720529 -504
19720614 -505
19720628 -503
19720714 -508
19720728 -505
19720814 -503
19720828 -504
19720914 -503
19720928 -506
19721013 -504
19721027 -502
19721114 -500
19721128 -500
19721214 -504
19721228 -503
19730129 -503
19730214 -502
19730228 -503
19730314 -506
19730328 -507
19730413 -508
19730427 -508
19730514 -507
19730528 -504
19730614 -506
19730628 -506
19730713 -502
19730921 -505
19730928 -505
19731016 -500
19731105 -503
19731114 -500
19731128 -502
19731228 -501
19740114 -501
19740128 -499
19740214 -500
19740228 -497
19740314 -501
19740328 -503
19740416 -503
19740429 -507
19740514 -507
19740528 -508
19740614 -506
19740715 -506
19740729 -508
19740814 -507
19740828 -508
19740916 -508
19740930 -504
19741016 -504
19741028 -501
19741114 -501
19741128 -500
19741213 -500
19741227 -497
19750114 -503
19750127 -501
19750214 -503
19750228 -505
19750313 -505
19750327 -505
19750414 -507
19750501 -508
19750515 -509
19750529 -509
19750616 -508
19750627 -505
19750714 -505
19750728 -506
19750815 -504
19750828 -506
19750915 -508
19750929 -507
19751014 -508
19751028 -508
19751114 -506
19751128 -500
19751215 -510
19751229 -504
19760115 -504
19760129 -505
19760213 -501
19760301 -505
19760315 -503
19760329 -505
19760415 -506
19760427 -508
19760513 -507
19760528 -509
19760614 -511
19760628 -507
19760715 -508
19760802 -506
19760815 -508
19760827 -507
19760914 -505
19760928 -507
19761013 -505
19761028 -506
19761115 -507
19761129 -506
19761214 -507
19761228 -506
19770114 -502
19770128 -500
19770214 -506
19770228 -508
19770314 -507
19770328 -506
19770414 -507
19770428 -509
19770512 -506
19770531 -510
19770614 -508
19770627 -508
19770714 -507
19770815 -507
19770829 -505
19770914 -507
19770928 -508
19771013 -507
19771031 -507
19771114 -501
19771128 -506
19771214 -505
19771228 -505
19780116 -505
19780127 -506
19780213 -507
19780227 -506
19780313 -510
19780328 -506
19780413 -504
19780427 -505
19780516 -506
19780529 -510
19780614 -510
19780714 -507
19780728 -508
19780814 -506
19780828 -511
19780914 -507
19780929 -506
19781017 -503
19781030 -506
19781114 -506
19781130 -506
19781214 -501
19781227 -504
19790115 -504
19790201 -503
19790213 -500
19790302 -502
19790314 -500
19790328 -498
19790417 -506
19790427 -505
19790515 -506
19790528 -507
19790615 -503
19790628 -506
19790716 -506
19790730 -505
19790820 -507
19790828 -508
19790914 -508
19790928 -509
19791015 -505
19791029 -508
19791114 -505
19791128 -508
19791213 -503
19800102 -502
19800115 -508
19800129 -508
19800215 -506
19800228 -511
19800314 -502
19800328 -501
19800414 -506
19800429 -507
19800516 -509
19800528 -506
19800616 -508
19800714 -503
19800728 -503
19800815 -501
19800828 -504
19800915 -506
19800929 -508
19801015 -508
19801027 -508
19801114 -506
19801127 -507
19801215 -503
19801229 -506
19810114 -499
19810128 -508
19810213 -508
19810302 -508
19810313 -497
19810330 -506
19810414 -509
19810428 -509
19810514 -509
19810527 -507
19810615 -508
19810629 -506
19810713 -508
19810728 -508
19810817 -508
19810831 -508
19810915 -508
19810928 -508
19811014 -505
19811029 -508
19811116 -506
19811130 -508
19811215 -508
19811229 -497
19820114 -505
19820201 -503
19820215 -506
19820301 -505
19820315 -506
19820329 -506
19820414 -508
19820429 -508
19820514 -509
19820528 -510
19820615 -509
19820629 -509
19820714 -508
19820728 -510
19820816 -510
19820830 -510
19820914 -511
19820928 -511
19821014 -510
19821028 -513
19821115 -511
19821129 -511
19821229 -515
19830128 -513
19830228 -509
19830328 -512
19830502 -507
19830527 -512
19830627 -508
19830728 -508
19830829 -509
19830928 -508
19831026 -513
19831128 -502
19831229 -508
19840130 -504
19840229 -509
19840328 -512
19840529 -510
19840702 -511
19840730 -510
19840827 -511
19840927 -514
19841029 -513
19841128 -514
19841231 -507
19850128 -509
19850228 -511
19850328 -518
19850429 -516
19850528 -517
19850628 -509
19850730 -508
19850828 -508
19850930 -512
19851028 -512
19851128 -510
19851230 -514
19860127 -512
