40
2
date -9999
head -9999
19521217 -248
19530428 -251
19530828 -137
19531014 -137
19531214 -251
19540827 -232
19541014 -238
19541215 -144
19550429 -249
19550830 -245
19551014 -239
19590828 -236
19591014 -239
19591214 -239
19600428 -240
19610428 -237
19610828 -186
19611013 -235
19611214 -223
19620427 -235
19621214 -235
19630429 -235
19630828 -235
19631014 -231
19640428 -235
19640828 -237
19641014 -235
19641214 -233
19650428 -236
19650827 -213
19651014 -217
19651214 -141
19660428 -237
19660829 -230
19661013 -230
19661214 -221
19670428 -227
19670828 -232
19671214 -237
19680429 -235
