52
2
date -9999
head -9999
19990215 -365
19990315 -366
19990406 -363
19990414 -357
19990428 -368
19990517 -368
19990527 -373
19990613 -374
19990628 -372
19990828 -369
19991028 -374
19991115 -374
20001026 -375
20001117 -371
20001129 -366
20001218 -366
20010102 -360
20010115 -367
20010219 -368
20010302 -360
20010409 -366
20010417 -368
20010427 -366
20010518 -372
20010601 -373
20010614 -371
20010718 -370
20010730 -381
20010816 -376
20010828 -376
20010928 -371
20011101 -368
20011114 -368
20011130 -367
20020128 -361
20020218 -366
20020228 -358
20020328 -366
20020418 -367
20020501 -364
20020530 -375
20020611 -376
20020717 -376
20020801 -378
20020814 -379
20020927 -375
20021114 -364
20021202 -364
20030115 -368
20030319 -372
20030401 -371
20030804 -384
