1696
2
date -9999
head -9999
19911114 -348
19911128 -353
19911213 -363
19911228 -363
19920114 -360
19920128 -363
19920214 -363
19920228 -368
19920314 -363
19920328 -363
19920414 -366
19920428 -365
19920514 -366
19920527 -366
19920714 -368
19920728 -370
19920914 -358
19920928 -363
19921014 -368
19921028 -358
19921113 -355
19921127 -345
19921214 -343
19921228 -353
19930114 -353
19930128 -353
19930215 -358
19930227 -363
19930315 -368
19930327 -368
19930414 -368
19930428 -368
19930614 -370
19930628 -373
19930714 -371
19930728 -358
19930814 -363
19930828 -364
19930914 -363
19930928 -356
19931014 -358
19931028 -363
19931115 -361
19931129 -363
19931214 -353
19931228 -356
19940114 -343
19940128 -348
19940214 -356
19940228 -363
19940314 -363
19940328 -363
19940414 -358
19940428 -360
19940514 -361
19940520 -361
19940528 -366
19940614 -368
19940628 -370
19940714 -373
19940728 -378
19940815 -383
19940829 -380
19940914 -378
19940928 -363
19941014 -363
19941028 -363
19941114 -358
19941128 -363
19941214 -363
19941228 -353
19950113 -343
19950128 -333
19950214 -338
19950228 -343
19950314 -343
19950328 -353
19950414 -358
19950428 -363
19950515 -365
19950529 -366
19950614 -363
19950628 -368
19950714 -368
19950728 -373
19950814 -378
19950828 -378
19950914 -378
19950928 -373
19951013 -378
19951028 -378
19951114 -380
19951128 -380
19951214 -380
19951228 -378
19960113 -378
19960129 -380
19960214 -373
19960228 -373
19960314 -373
19960328 -373
19960413 -378
19960427 -376
19960514 -368
19960528 -368
19960614 -370
19960628 -368
19960714 -368
19960729 -370
19960814 -366
19960828 -368
19960914 -368
19960928 -368
19961014 -370
19961028 -370
19961114 -363
19961128 -353
19961214 -363
19961228 -366
19970114 -358
19970128 -378
19970214 -368
19970228 -373
19970314 -373
19970328 -368
19970414 -373
19970428 -368
19970514 -366
19970528 -358
19970614 -363
19970628 -363
19970714 -358
19970728 -363
19970814 -370
19970828 -370
19970915 -370
19970929 -378
19971014 -373
19971028 -378
19971114 -378
19971128 -376
19971215 -373
19971227 -368
19980114 -358
19980128 -358
19980214 -368
19980228 -348
19980314 -348
19980328 -348
19980414 -348
19980428 -350
19980514 -353
19980528 -353
19980614 -355
19980629 -353
19981014 -339
19981028 -328
19981115 -319
19981129 -329
19981215 -331
19981229 -330
19990114 -327
19990128 -328
19990215 -339
19990301 -335
19990315 -336
19990329 -342
19990414 -346
19990428 -342
19990514 -356
19990528 -355
19990615 -356
19990629 -358
19990715 -360
19990729 -366
19990814 -357
19990828 -359
19990915 -362
19990929 -363
19991015 -355
19991029 -358
19991114 -355
19991128 -351
19991214 -340
20000329 -344
20000414 -351
20000428 -356
20000514 -363
20000528 -356
20000615 -359
20000628 -361
20000714 -358
20000728 -363
20000815 -368
20000829 -370
20000914 -370
20000918 -367
20000920 -368
20000922 -371
20000924 -370
20000926 -370
20000928 -368
20000930 -370
20001002 -369
20001004 -371
20001006 -371
20001008 -368
20001010 -364
20001012 -365
20001014 -369
20001016 -367
20001018 -368
20001020 -366
20001022 -367
20001024 -366
20001026 -365
20001028 -364
20001030 -358
20001101 -358
20001103 -357
20001105 -358
20001107 -352
20001109 -350
20001111 -341
20001113 -340
20001115 -338
20001117 -339
20001119 -339
20001121 -338
20001123 -339
20001125 -340
20001127 -338
20001129 -339
20001201 -339
20001203 -339
20001205 -340
20010312 -340
20010314 -342
20010316 -343
20010318 -342
20010320 -343
20010322 -343
20010324 -339
20010326 -340
20010328 -339
20010330 -342
20010401 -344
20010403 -344
20010405 -345
20010407 -342
20010409 -343
20010411 -346
20010413 -348
20010415 -343
20010417 -345
20010419 -343
20010421 -345
20010423 -344
20010425 -345
20010427 -345
20010429 -344
20010501 -346
20010503 -345
20010505 -347
20010507 -349
20010509 -349
20010511 -350
20010513 -349
20010515 -349
20010517 -349
20010519 -352
20010521 -353
20010523 -352
20010525 -353
20010527 -353
20010529 -354
20010531 -354
20010602 -352
20010604 -354
20010606 -354
20010608 -355
20010610 -356
20010612 -357
20010614 -358
20010616 -357
20010618 -359
20010620 -358
20010621 -356
20010623 -357
20010625 -359
20010627 -359
20010629 -360
20010701 -361
20010703 -360
20010705 -360
20010707 -358
20010709 -357
20010711 -357
20010713 -357
20010715 -359
20010717 -357
20010719 -356
20010721 -358
20010723 -359
20010725 -360
20010727 -360
20010729 -361
20010731 -362
20010802 -360
20010804 -361
20010806 -357
20010808 -352
20010810 -353
20010812 -351
20010814 -351
20010816 -352
20010818 -352
20010820 -353
20010822 -355
20010824 -354
20010826 -354
20010828 -355
20010830 -354
20010901 -356
20010903 -353
20010905 -351
20010907 -350
20010909 -349
20010911 -349
20010913 -344
20010915 -345
20010917 -340
20010919 -331
20010921 -325
20010923 -322
20010925 -318
20010927 -316
20010929 -317
20011001 -319
20011003 -321
20011005 -323
20011007 -324
20011009 -328
20011010 -330
20011012 -333
20011014 -333
20011016 -336
20011018 -336
20011020 -336
20011022 -339
20011024 -340
20011026 -340
20011028 -343
20011030 -341
20011101 -345
20011103 -345
20011105 -345
20011107 -343
20011109 -343
20011111 -343
20011113 -343
20011115 -346
20011117 -346
20011119 -346
20011121 -346
20011123 -346
20011125 -342
20011127 -340
20011129 -339
20011201 -334
20011203 -334
20011205 -331
20011207 -335
20011209 -337
20011211 -336
20011213 -337
20011215 -338
20011217 -338
20011219 -338
20011221 -333
20011223 -332
20011225 -326
20011227 -325
20011229 -323
20011231 -327
20020102 -328
20020104 -330
20020106 -331
20020108 -332
20020110 -334
20020112 -335
20020114 -336
20020116 -337
20020118 -339
20020120 -337
20020122 -335
20020124 -335
20020126 -333
20020128 -331
20020130 -331
20020201 -333
20020203 -334
20020205 -331
20020207 -334
20020209 -331
20020211 -329
20020213 -330
20020215 -333
20020217 -333
20020219 -333
20020221 -331
20020223 -325
20020225 -325
20020227 -320
20020301 -323
20020303 -325
20020305 -326
20020307 -330
20020309 -329
20020311 -333
20020313 -335
20020315 -335
20020317 -336
20020319 -337
20020321 -338
20020323 -340
20020325 -341
20020327 -343
20020329 -341
20020331 -342
20020402 -342
20020404 -343
20020406 -346
20020408 -347
20020410 -347
20020412 -346
20020414 -348
20020416 -348
20020418 -349
20020420 -352
20020422 -352
20020424 -352
20020426 -348
20020428 -349
20020430 -349
20020502 -351
20020504 -353
20020506 -353
20020508 -351
20020510 -352
20020512 -353
20020514 -354
20020516 -354
20020518 -355
20020520 -354
20020522 -352
20020524 -354
20020526 -354
20020528 -355
20020530 -357
20020601 -357
20020603 -356
20020605 -351
20020607 -354
20020609 -354
20020611 -351
20020613 -353
20020615 -354
20020617 -355
20020619 -349
20020621 -350
20020623 -354
20020625 -351
20020627 -357
20020629 -350
20020701 -358
20020703 -364
20020705 -358
20020707 -351
20020709 -360
20020711 -351
20020713 -359
20020715 -355
20020717 -356
20020719 -355
20020721 -357
20020723 -363
20020725 -358
20020727 -357
20020729 -355
20020731 -359
20020802 -358
20020804 -359
20020806 -360
20020808 -357
20020810 -357
20020812 -358
20020814 -359
20020816 -359
20020818 -363
20020820 -359
20020822 -356
20020824 -354
20020826 -340
20020828 -339
20020830 -345
20020901 -339
20020903 -346
20020904 -345
20020906 -347
20020908 -347
20020910 -349
20020912 -351
20020914 -351
20020916 -352
20020918 -352
20020920 -354
20020922 -353
20020924 -355
20020926 -354
20020928 -356
20020930 -355
20021002 -354
20021004 -356
20021006 -355
20021008 -356
20021010 -357
20021012 -357
20021014 -357
20021016 -357
20021018 -357
20021020 -357
20021022 -352
20021024 -355
20021026 -358
20021028 -357
20021030 -353
20021101 -354
20021103 -351
20021105 -352
20021107 -347
20021109 -341
20021111 -341
20021113 -337
20021115 -339
20021117 -343
20021119 -344
20021121 -341
20021123 -345
20021125 -345
20021127 -346
20021129 -346
20021201 -345
20021203 -346
20021205 -348
20021207 -349
20021209 -351
20021211 -351
20021213 -353
20021215 -351
20021217 -354
20021219 -353
20021221 -354
20021223 -349
20021225 -347
20021227 -342
20021229 -341
20021231 -341
20030102 -330
20030104 -331
20030106 -332
20030108 -333
20030110 -337
20030112 -339
20030114 -339
20030116 -340
20030118 -340
20030120 -337
20030122 -336
20030124 -342
20030126 -340
20030128 -339
20030130 -336
20030201 -338
20030203 -332
20030205 -335
20030207 -337
20030209 -337
20030211 -340
20030213 -341
20030215 -343
20030217 -345
20030219 -342
20030221 -345
20030223 -346
20030225 -346
20030227 -347
20030301 -348
20030303 -349
20030305 -350
20030307 -350
20030309 -350
20030311 -350
20030313 -354
20030315 -355
20030317 -354
20030319 -354
20030321 -355
20030323 -356
20030325 -356
20030327 -356
20030329 -356
20030331 -359
20030402 -354
20030404 -358
20030406 -358
20030408 -358
20030410 -356
20030412 -358
20030414 -359
20030416 -361
20030418 -362
20030420 -360
20030422 -362
20030424 -362
20030426 -360
20030428 -359
20030430 -360
20030502 -361
20030504 -362
20030506 -363
20030508 -363
20030510 -362
20030512 -361
20030514 -361
20030516 -361
20030518 -361
20030520 -360
20030522 -368
20030524 -366
20030526 -368
20030528 -368
20030530 -367
20030601 -367
20030603 -369
20030605 -370
20030607 -370
20030609 -371
20030611 -372
20030613 -373
20030615 -375
20030617 -374
20030619 -375
20030621 -375
20030623 -374
20030625 -376
20030627 -376
20030629 -376
20030701 -374
20030703 -374
20030705 -376
20030707 -376
20030709 -377
20030711 -378
20030713 -378
20030715 -378
20030717 -379
20030719 -380
20030721 -380
20030723 -381
20030725 -379
20030727 -380
20030729 -382
20030731 -382
20030802 -383
20030804 -383
20030806 -383
20030808 -383
20030810 -382
20030812 -382
20030814 -382
20030816 -383
20030818 -383
20030820 -384
20030822 -383
20030824 -383
20030826 -384
20030828 -382
20030830 -382
20030901 -382
20030903 -384
20030905 -382
20030907 -382
20030909 -381
20030911 -380
20030913 -381
20030915 -379
20030917 -379
20030919 -379
20030921 -379
20030923 -378
20030925 -377
20030927 -376
20030929 -376
20031001 -375
20031003 -392
20031005 -398
20031007 -387
20031009 -402
20031011 -222
20031013 -198
20031015 -417
20031017 -345
20031019 -395
20031021 -296
20031023 -337
20031025 -292
20031027 -341
20031029 -313
20031031 -365
20031102 -381
20031104 -349
20031106 -349
20031108 -298
20031110 -309
20031112 -337
20031113 -374
20031115 -373
20031117 -372
20031119 -373
20031121 -372
20031123 -372
20031125 -370
20031127 -368
20031129 -370
20031201 -369
20031203 -372
20031205 -371
20031207 -372
20031209 -369
20031211 -370
20031213 -367
20031215 -368
20031217 -368
20031219 -367
20031221 -364
20031223 -365
20031225 -364
20031227 -362
20031229 -358
20031231 -360
20040102 -360
20040104 -358
20040106 -357
20040108 -355
20040110 -356
20040112 -352
20040114 -351
20040116 -348
20040118 -350
20040120 -343
20040122 -341
20040124 -341
20040126 -342
20040128 -343
20040130 -344
20040201 -342
20040203 -340
20040205 -341
20040207 -341
20040209 -342
20040211 -340
20040213 -341
20040215 -342
20040217 -343
20040219 -345
20040221 -343
20040223 -346
20040225 -345
20040227 -343
20040229 -350
20040302 -350
20040304 -349
20040306 -349
20040308 -351
20040310 -351
20040312 -350
20040314 -353
20040316 -355
20040318 -354
20040320 -350
20040322 -352
20040324 -353
20040326 -355
20040328 -355
20040330 -355
20040401 -356
20040403 -358
20040405 -356
20040407 -358
20040409 -359
20040411 -360
20040413 -361
20040415 -360
20040417 -358
20040419 -359
20040421 -362
20040423 -364
20040425 -364
20040427 -363
20040429 -361
20040501 -363
20040503 -362
20040505 -360
20040507 -363
20040509 -364
20040511 -366
20040513 -366
20040515 -367
20040517 -367
20040519 -368
20040521 -366
20040523 -368
20040525 -367
20040527 -368
20040529 -368
20040531 -368
20040602 -367
20040604 -367
20040606 -368
20040608 -369
20040610 -369
20040612 -369
20040614 -370
20040616 -370
20040618 -369
20040620 -370
20040622 -370
20040624 -366
20040626 -368
20040628 -370
20040630 -369
20040702 -368
20040704 -367
20040706 -369
20040708 -367
20040710 -366
20040712 -367
20040714 -368
20040716 -368
20040718 -367
20040720 -366
20040722 -367
20040724 -367
20040726 -367
20040728 -368
20040730 -369
20040801 -370
20040803 -369
20040805 -370
20040807 -371
20040809 -371
20040811 -371
20040813 -368
20040815 -370
20040817 -366
20040819 -367
20040821 -368
20040823 -367
20040825 -362
20040827 -359
20040829 -360
20040831 -359
20040902 -359
20040904 -361
20040906 -362
20040908 -362
20040909 -363
20040911 -362
20040913 -362
20040915 -364
20040917 -365
20040919 -365
20040921 -365
20040923 -362
20040925 -361
20040927 -360
20040929 -358
20041001 -358
20041003 -358
20041005 -357
20041007 -358
20041009 -358
20041011 -359
20041013 -359
20041015 -357
20041017 -359
20041019 -361
20041021 -362
20041023 -362
20041025 -362
20041027 -362
20041029 -362
20041031 -365
20041102 -364
20041104 -364
20041106 -364
20041108 -364
20041110 -363
20041112 -364
20041114 -366
20041116 -364
20041118 -362
20041120 -355
20041122 -353
20041124 -354
20041126 -352
20041128 -352
20041130 -353
20041202 -354
20041203 -354
20041205 -356
20041207 -357
20041209 -356
20041211 -359
20041213 -359
20041215 -359
20041217 -356
20041219 -359
20041221 -361
20041223 -359
20041225 -356
20041227 -358
20041229 -357
20041231 -356
20050102 -356
20050104 -356
20050106 -356
20050108 -355
20050110 -356
20050112 -358
20050114 -360
20050116 -359
20050118 -356
20050120 -356
20050122 -354
20050124 -355
20050126 -355
20050128 -352
20050130 -355
20050201 -353
20050203 -354
20050205 -352
20050207 -353
20050209 -354
20050211 -351
20050213 -342
20050215 -343
20050217 -344
20050219 -343
20050221 -344
20050223 -344
20050225 -346
20050227 -349
20050301 -349
20050303 -351
20050305 -351
20050307 -354
20050309 -354
20050311 -352
20050313 -353
20050315 -355
20050317 -357
20050319 -358
20050321 -357
20050323 -359
20050325 -359
20050327 -359
20050329 -360
20050331 -361
20050402 -361
20050404 -362
20050406 -360
20050408 -361
20050410 -363
20050412 -362
20050414 -361
20050416 -361
20050418 -361
20050420 -363
20050422 -363
20050424 -362
20050426 -363
20050428 -364
20050430 -363
20050502 -362
20050504 -362
20050506 -363
20050508 -362
20050510 -364
20050512 -365
20050514 -364
20050516 -365
20050518 -366
20050520 -365
20050522 -365
20050524 -367
20050526 -367
20050528 -368
20050530 -368
20050601 -368
20050603 -365
20050605 -365
20050607 -367
20050609 -368
20050611 -366
20050613 -365
20050615 -366
20050617 -369
20050619 -369
20050621 -370
20050623 -371
20050625 -372
20050627 -372
20050629 -370
20050701 -367
20050703 -367
20050704 -363
20050706 -362
20050708 -363
20050710 -364
20050712 -365
20050714 -364
20050716 -366
20050718 -366
20050720 -368
20050722 -368
20050724 -368
20050726 -369
20050728 -368
20050730 -368
20050801 -366
20050803 -366
20050805 -365
20050807 -366
20050809 -366
20050811 -368
20050813 -362
20050815 -362
20050817 -362
20050819 -362
20050821 -363
20050823 -362
20050825 -361
20050827 -363
20050829 -365
20050831 -365
20050902 -368
20050904 -368
20050906 -367
20050908 -369
20050910 -368
20050912 -370
20050914 -370
20050916 -368
20050918 -370
20050920 -370
20050922 -369
20050924 -368
20050926 -367
20050928 -366
20050930 -365
20051002 -364
20051004 -364
20051006 -362
20051008 -363
20051010 -363
20051012 -364
20051014 -365
20051016 -365
20051018 -365
20051020 -364
20051022 -363
20051024 -363
20051026 -363
20051027 -361
20051029 -361
20051031 -360
20051102 -362
20051104 -363
20051106 -365
20051108 -366
20051110 -368
20051112 -366
20051114 -369
20051116 -366
20051118 -367
20051120 -367
20051122 -368
20051124 -365
20051126 -353
20051128 -351
20051130 -353
20051202 -350
20051204 -351
20051206 -348
20051208 -349
20051210 -352
20051212 -351
20051214 -352
20051216 -349
20051218 -349
20051220 -351
20051222 -351
20051224 -351
20051226 -351
20051228 -352
20051230 -352
20060101 -350
20060103 -355
20060105 -354
20060107 -356
20060109 -357
20060111 -356
20060113 -358
20060115 -358
20060117 -356
20060119 -359
20060121 -360
20060123 -362
20060125 -360
20060127 -361
20060129 -363
20060309 -363
20060311 -364
20060313 -365
20060315 -364
20060317 -365
20060319 -364
20060321 -364
20060323 -365
20060325 -366
20060327 -365
20060329 -367
20060331 -368
20060402 -367
20060404 -369
20060406 -369
20060408 -368
20060410 -370
20060412 -368
20060414 -369
20060416 -369
20060418 -370
20060420 -371
20060422 -372
20060424 -372
20060426 -373
20060428 -373
20060430 -373
20060502 -372
20060504 -374
20060506 -374
20060508 -374
20060510 -375
20060512 -377
20060514 -378
20060516 -377
20060518 -376
20060520 -372
20060522 -372
20060524 -373
20060526 -372
20060528 -370
20060530 -370
20060601 -365
20060603 -365
20060605 -366
20060607 -367
20060609 -368
20060611 -369
20060613 -369
20060615 -367
20060617 -367
20060619 -367
20060621 -367
20060623 -368
20060625 -368
20060627 -368
20060629 -371
20060701 -372
20060703 -373
20060705 -374
20060707 -375
20060709 -374
20060711 -374
20060713 -376
20060715 -378
20060717 -377
20060719 -379
20060721 -379
20060723 -378
20060725 -379
20060727 -379
20060729 -378
20060731 -379
20060802 -375
20060804 -374
20060806 -374
20060808 -375
20060810 -374
20060812 -372
20060814 -368
20060816 -366
20060818 -366
20060820 -364
20060822 -362
20060824 -360
20060826 -356
20060828 -354
20060830 -352
20060901 -354
20060903 -352
20060905 -354
20060907 -354
20060909 -357
20060911 -358
20060913 -356
20060915 -356
20060917 -358
20060919 -359
20060921 -359
20060923 -361
20060925 -361
20060927 -362
20060929 -362
20061001 -363
20061003 -361
20061005 -363
20061007 -360
20061009 -360
20061011 -358
20061013 -361
20061015 -361
20061017 -360
20061019 -358
20061021 -359
20061023 -358
20061025 -355
20061027 -356
20061029 -356
20061031 -354
20061102 -357
20061104 -357
20061106 -356
20061108 -356
20061110 -357
20061112 -354
20061114 -351
20061116 -349
20061118 -349
20061120 -348
20061122 -346
20061124 -344
20061126 -347
20061128 -347
20061130 -351
20061202 -348
20061204 -346
20061206 -347
20061208 -341
20061210 -345
20061212 -344
20061214 -344
20061216 -344
20061218 -346
20061220 -349
20061222 -350
20061224 -351
20061226 -352
20061228 -351
20061230 -351
20070101 -352
20070103 -352
20070105 -352
20070107 -351
20070109 -349
20070111 -346
20070113 -350
20070115 -351
20070117 -349
20070119 -344
20070121 -342
20070123 -342
20070125 -345
20070127 -346
20070129 -347
20070131 -347
20070202 -350
20070204 -352
20070206 -349
20070208 -346
20070210 -350
20070212 -345
20070214 -347
20070216 -348
20070218 -349
20070220 -349
20070222 -349
20070224 -349
20070226 -347
20070228 -343
20070302 -343
20070304 -341
20070306 -337
20070308 -336
20070310 -339
20070312 -337
20070314 -341
20070316 -340
20070318 -338
20070320 -340
20070322 -341
20070324 -342
20070326 -345
20070328 -345
20070330 -347
20070401 -350
20070403 -350
20070405 -352
20070407 -353
20070409 -354
20070411 -355
20070413 -355
20070415 -356
20070417 -358
20070419 -358
20070421 -359
20070423 -360
20070425 -360
20070427 -361
20070429 -362
20070501 -363
20070503 -362
20070505 -364
20070507 -362
20070509 -362
20070511 -359
20070513 -357
20070515 -360
20070517 -360
20070519 -359
20070521 -360
20070523 -362
20070525 -360
20070527 -358
20070529 -360
20070531 -361
20070602 -364
20070604 -365
20070606 -364
20070608 -364
20070610 -364
20070612 -363
20070614 -362
20070616 -361
20070618 -361
20070620 -361
20070622 -359
20070624 -354
20070626 -349
20070628 -350
20070630 -352
20070702 -349
20070704 -348
20070706 -343
20070708 -344
20070710 -344
20070712 -345
20070714 -347
20070716 -346
20070718 -345
20070720 -346
20070722 -345
20070724 -342
20070726 -344
20070728 -344
20070730 -339
20070801 -339
20070803 -343
20070805 -343
20070807 -345
20070809 -346
20070811 -349
20070813 -351
20070815 -349
20070817 -350
20070819 -351
20070821 -352
20070823 -353
20070825 -356
20070827 -357
20070829 -358
20070831 -359
20070902 -359
20070904 -360
20070906 -361
20070908 -360
20070910 -359
20070912 -362
20070914 -362
20070916 -362
20070918 -363
20070920 -362
20070922 -364
20070924 -363
20070926 -362
20070928 -361
20070930 -363
20071002 -363
20071004 -363
20071006 -364
20071008 -365
20071010 -366
20071012 -365
20071014 -365
20071016 -365
20071018 -367
20071020 -368
20071022 -368
20071024 -368
20071026 -368
20071028 -368
20071030 -368
20071101 -371
20071103 -370
20071105 -371
20071107 -370
20071109 -369
20071111 -368
20071113 -369
20071115 -369
20071117 -368
20071119 -366
20071121 -367
20071123 -369
20071125 -369
20071127 -370
20071129 -368
20071201 -367
20071203 -364
20071205 -363
20071207 -358
20071209 -355
20071211 -358
20071213 -360
20071215 -358
20071217 -359
20071219 -360
20071221 -360
20071223 -360
20071225 -359
20071227 -362
20071229 -361
20071231 -364
20080102 -363
20080104 -363
20080106 -364
20080108 -364
20080110 -364
20080112 -362
20080114 -360
20080116 -358
20080118 -361
20080120 -358
20080122 -356
20080124 -354
20080126 -356
20080128 -357
20080130 -356
20080201 -353
20080203 -355
20080205 -355
20080207 -359
20080209 -358
20080211 -360
20080213 -361
20080215 -362
20080217 -362
20080219 -361
20080221 -362
20080223 -363
20080225 -363
20080227 -363
20080229 -363
20080302 -364
20080304 -365
20080306 -366
20080308 -365
20080310 -360
20080312 -362
20080314 -364
20080316 -361
20080318 -362
20080320 -361
20080322 -356
20080324 -354
20080326 -353
20080328 -353
20080330 -353
20080401 -354
20080403 -356
20080405 -353
20080407 -353
20080409 -352
20080411 -353
20080413 -356
20080415 -358
20080417 -358
20080419 -359
20080421 -360
20080423 -362
20080425 -364
20080427 -362
20080429 -360
20080501 -363
20080503 -366
20080505 -366
20080507 -366
20080509 -366
20080511 -368
20080513 -369
20080515 -368
20080517 -366
20080519 -367
20080521 -368
20080523 -368
20080525 -368
20080527 -367
20080529 -367
20080531 -368
20080602 -366
20080604 -365
20080606 -366
20080608 -366
20080610 -368
20080612 -366
20080614 -367
20080616 -368
20080618 -369
20080620 -369
20080622 -369
20080624 -372
20080626 -372
20080628 -372
20080630 -373
20080702 -372
20080704 -374
20080706 -373
20080708 -371
20080710 -368
20080712 -367
20080714 -369
20080716 -368
20080718 -366
20080720 -366
20080722 -365
20080724 -365
20080726 -364
20080728 -364
20080730 -364
20080801 -363
20080803 -363
20080805 -363
20080807 -359
20080809 -356
20080811 -355
20080813 -355
20080815 -358
20080817 -358
20080819 -357
20080821 -358
20080823 -358
20080825 -359
20080827 -360
20080829 -360
20080831 -359
20080902 -359
20080904 -357
20080906 -358
20080908 -359
20080910 -359
20080912 -358
20080914 -359
20080916 -360
20080917 -360
20080919 -360
20080921 -361
20080923 -361
20080925 -363
20080927 -363
20080929 -361
20081001 -359
20081003 -356
20081005 -355
20081007 -353
20081009 -356
20081011 -355
20081013 -355
20081015 -354
20081017 -355
20081019 -356
20081021 -355
20081023 -357
20081025 -358
20081027 -354
20081029 -354
20081031 -354
20081102 -356
20081104 -358
20081106 -358
20081108 -358
20081110 -357
20081112 -353
20081114 -353
20081116 -353
20081118 -351
20081120 -353
20081122 -353
20081124 -348
20081126 -350
20081128 -348
20081130 -347
20081202 -349
20081204 -343
20081206 -347
20081208 -349
20081210 -348
20081212 -346
20081214 -345
20081216 -348
20081218 -349
20081220 -350
20081222 -353
20081224 -353
20081226 -354
20081228 -354
20081230 -355
20090101 -356
20090103 -356
20090105 -355
20090107 -356
20090109 -358
20090111 -358
20090113 -357
20090115 -358
20090117 -359
20090119 -353
20090121 -356
20090123 -348
20090125 -351
20090127 -354
20090129 -355
20090131 -356
20090202 -356
20090204 -356
20090206 -356
20090208 -357
20090210 -353
20090212 -354
20090214 -356
20090216 -353
20090218 -354
20090220 -353
20090222 -352
20090224 -354
20090226 -353
20090228 -353
20090302 -353
20090304 -351
20090306 -354
20090308 -355
20090310 -356
20090312 -358
20090314 -358
20090316 -362
20090318 -362
20090320 -362
20090322 -362
20090324 -360
20090326 -359
20090328 -356
20090330 -359
20090401 -359
20090403 -359
20090405 -360
