2654
2
date -9999
head -9999
19981112 -509
19981129 -513
19981215 -517
19981229 -514
19990114 -513
19990128 -511
19990215 -514
19990301 -513
19990315 -512
19990329 -512
19990414 -513
19990428 -510
19990514 -518
19990528 -519
19990615 -517
19990629 -514
19990715 -515
19990729 -518
19990814 -512
19990828 -516
19990915 -516
19990929 -512
19991015 -513
19991029 -516
19991114 -512
19991128 -517
19991214 -512
19991228 -512
20000115 -521
20000129 -510
20000214 -518
20000228 -512
20000315 -517
20000329 -515
20000414 -516
20000428 -516
20000514 -521
20000528 -511
20000615 -516
20000629 -516
20000715 -513
20000729 -516
20000814 -518
20000821 -518
20000823 -520
20000825 -519
20000827 -518
20000829 -518
20000831 -516
20000902 -515
20000904 -519
20000906 -515
20000908 -518
20000910 -519
20000912 -516
20000914 -518
20000916 -515
20000918 -516
20000920 -517
20000922 -520
20000924 -518
20000926 -518
20000928 -514
20000930 -515
20001002 -516
20001004 -519
20001006 -517
20001008 -514
20001010 -508
20001012 -513
20001014 -518
20001016 -514
20001018 -518
20001020 -516
20001022 -518
20001024 -517
20001026 -517
20001028 -515
20001030 -507
20001101 -512
20001103 -512
20001105 -515
20001107 -508
20001109 -514
20001111 -506
20001113 -502
20001115 -510
20001117 -511
20001119 -508
20001120 -511
20001122 -512
20001124 -515
20001126 -513
20001128 -515
20001130 -517
20001202 -516
20001204 -514
20001206 -515
20001208 -514
20001210 -514
20001212 -515
20001214 -512
20001216 -513
20001218 -516
20001220 -515
20001222 -514
20001224 -511
20001226 -509
20001228 -510
20001230 -512
20010101 -509
20010103 -513
20010105 -507
20010107 -515
20010109 -516
20010111 -518
20010113 -520
20010115 -516
20010117 -515
20010119 -516
20010121 -515
20010123 -512
20010125 -513
20010127 -512
20010129 -518
20010131 -518
20010202 -515
20010204 -509
20010206 -507
20010208 -508
20010210 -518
20010212 -513
20010214 -517
20010216 -516
20010218 -519
20010220 -516
20010221 -513
20010223 -509
20010225 -511
20010227 -508
20010301 -509
20010303 -512
20010305 -517
20010307 -512
20010309 -511
20010311 -514
20010313 -511
20010315 -515
20010317 -512
20010319 -515
20010321 -511
20010323 -508
20010325 -511
20010327 -514
20010329 -510
20010331 -516
20010402 -513
20010404 -511
20010406 -511
20010408 -515
20010410 -512
20010412 -517
20010414 -515
20010416 -513
20010418 -510
20010420 -511
20010422 -512
20010424 -512
20010426 -514
20010428 -512
20010430 -512
20010502 -514
20010504 -513
20010506 -516
20010508 -517
20010510 -515
20010512 -516
20010514 -514
20010516 -513
20010518 -516
20010520 -517
20010522 -517
20010524 -517
20010526 -515
20010528 -516
20010530 -516
20010601 -517
20010603 -516
20010605 -516
20010607 -517
20010609 -519
20010611 -520
20010613 -518
20010615 -518
20010617 -516
20010619 -520
20010621 -517
20010623 -520
20010625 -520
20010627 -519
20010629 -522
20010701 -524
20010703 -519
20010705 -519
20010707 -517
20010709 -519
20010711 -518
20010713 -517
20010715 -519
20010717 -516
20010719 -516
20010721 -519
20010723 -518
20010725 -518
20010727 -519
20010729 -520
20010731 -520
20010802 -516
20010804 -520
20010806 -516
20010808 -514
20010810 -518
20010812 -515
20010814 -517
20010816 -517
20010818 -516
20010820 -518
20010822 -519
20010824 -517
20010826 -518
20010828 -518
20010830 -516
20010831 -515
20010902 -516
20010904 -513
20010906 -514
20010908 -512
20010910 -511
20010912 -513
20010914 -512
20010916 -511
20010918 -508
20010920 -503
20010922 -499
20010924 -506
20010926 -509
20010928 -509
20010930 -510
20011002 -509
20011004 -511
20011006 -511
20011008 -512
20011010 -517
20011012 -515
20011014 -514
20011016 -518
20011018 -514
20011020 -512
20011022 -515
20011024 -515
20011026 -514
20011028 -517
20011030 -513
20011101 -520
20011103 -516
20011105 -515
20011107 -512
20011109 -517
20011111 -516
20011113 -515
20011115 -519
20011117 -518
20011119 -516
20011121 -515
20011123 -516
20011125 -512
20011127 -512
20011129 -512
20011201 -512
20020311 -513
20020312 -515
20020313 -514
20020314 -515
20020315 -513
20020316 -510
20020317 -513
20020318 -522
20020319 -513
20020320 -512
20020321 -516
20020322 -517
20020323 -519
20020324 -515
20020325 -516
20020326 -517
20020327 -517
20020328 -516
20020329 -515
20020330 -513
20020331 -514
20020401 -513
20020402 -514
20020403 -516
20020404 -514
20020405 -519
20020406 -518
20020407 -519
20020408 -518
20020409 -517
20020410 -516
20020411 -518
20020412 -515
20020413 -517
20020414 -516
20020415 -516
20020416 -517
20020417 -517
20020418 -517
20020419 -520
20020420 -521
20020421 -517
20020422 -519
20020423 -516
20020424 -518
20020425 -507
20020426 -512
20020427 -502
20020428 -511
20020429 -509
20020430 -515
20020501 -514
20020502 -516
20020503 -515
20020504 -518
20020505 -522
20020506 -520
20020507 -516
20020508 -516
20020509 -519
20020510 -516
20020511 -519
20020512 -518
20020513 -523
20020514 -519
20020515 -514
20020516 -520
20020517 -524
20020518 -519
20020519 -515
20020520 -518
20020521 -521
20020522 -516
20020523 -513
20020524 -518
20020525 -513
20020526 -517
20020527 -518
20020528 -519
20020529 -520
20020530 -522
20020531 -520
20020601 -522
20020602 -519
20020603 -518
20020604 -516
20020605 -515
20020606 -515
20020607 -518
20020608 -519
20020609 -519
20020610 -530
20020611 -527
20020612 -529
20020613 -529
20020614 -530
20020615 -530
20020616 -530
20020617 -531
20020618 -530
20020619 -527
20020620 -529
20020621 -527
20020622 -529
20020623 -531
20020624 -531
20020625 -528
20020626 -529
20020627 -533
20020628 -531
20020629 -526
20020630 -529
20020701 -532
20020702 -527
20020703 -539
20020704 -530
20020705 -533
20020706 -529
20020707 -525
20020708 -528
20020709 -533
20020710 -529
20020711 -526
20020712 -530
20020713 -532
20020714 -531
20020715 -529
20020716 -529
20020717 -530
20020718 -531
20020719 -528
20020720 -529
20020721 -529
20020722 -530
20020723 -534
20020724 -530
20020725 -532
20020726 -530
20020727 -529
20020728 -531
20020729 -526
20020730 -529
20020731 -531
20020801 -531
20020802 -530
20020803 -530
20020804 -531
20020805 -530
20020806 -531
20020807 -530
20020808 -527
20020809 -527
20020810 -528
20020811 -528
20020812 -529
20020813 -531
20020814 -530
20020815 -530
20020816 -529
20020817 -530
20020818 -532
20020819 -530
20020820 -528
20020821 -528
20020822 -526
20020823 -527
20020824 -528
20020825 -525
20020826 -524
20020827 -522
20020828 -524
20020829 -526
20020830 -529
20020831 -528
20020901 -525
20020902 -529
20020903 -529
20020904 -525
20020905 -525
20020906 -527
20020907 -527
20020908 -525
20020909 -531
20020910 -528
20020911 -526
20020912 -529
20020913 -527
20020914 -527
20020915 -526
20020916 -527
20020918 -519
20020920 -520
20020922 -517
20020924 -521
20020926 -518
20020928 -521
20020930 -519
20021002 -518
20021004 -520
20021006 -518
20021008 -517
20021010 -518
20021012 -518
20021014 -515
20021016 -514
20021018 -517
20021020 -519
20021022 -512
20021024 -519
20021026 -521
20021028 -522
20021030 -516
20021101 -516
20021103 -514
20021105 -519
20021107 -515
20021109 -513
20021111 -514
20021113 -510
20021115 -514
20021117 -518
20021119 -516
20021121 -512
20021123 -515
20021125 -514
20021127 -518
20021129 -518
20021201 -514
20021203 -518
20021205 -522
20021207 -521
20021209 -521
20021211 -518
20021213 -518
20021215 -515
20021217 -520
20021219 -519
20021221 -518
20021223 -514
20021225 -515
20021227 -512
20021229 -514
20021231 -518
20030102 -506
20030104 -516
20030106 -518
20030108 -516
20030110 -518
20030112 -519
20030114 -517
20030116 -518
20030118 -516
20030120 -511
20030122 -512
20030123 -517
20030125 -530
20030127 -515
20030129 -519
20030131 -509
20030202 -518
20030204 -523
20030206 -519
20030208 -521
20030210 -524
20030212 -523
20030214 -526
20030216 -525
20030218 -523
20030220 -524
20030222 -524
20030224 -522
20030226 -526
20030228 -520
20030302 -529
20030304 -524
20030306 -521
20030308 -524
20030310 -519
20030312 -522
20030314 -532
20030316 -526
20030318 -526
20030320 -527
20030322 -526
20030324 -525
20030326 -526
20030328 -529
20030330 -528
20030401 -537
20030403 -522
20030405 -526
20030407 -526
20030409 -525
20030411 -525
20030413 -524
20030415 -527
20030417 -526
20030419 -528
20030421 -528
20030424 -521
20030426 -517
20030428 -516
20030430 -518
20030502 -518
20030504 -520
20030506 -523
20030508 -521
20030510 -521
20030512 -519
20030514 -520
20030516 -518
20030518 -519
20030520 -519
20030522 -519
20030524 -517
20030526 -520
20030528 -522
20030530 -521
20030601 -522
20030603 -525
20030605 -526
20030607 -525
20030609 -526
20030611 -527
20030613 -528
20030615 -527
20030617 -525
20030619 -527
20030621 -527
20030623 -526
20030625 -528
20030627 -527
20030629 -526
20030701 -523
20030703 -526
20030705 -528
20030707 -528
20030709 -528
20030711 -526
20030713 -527
20030715 -526
20030717 -527
20030719 -528
20030721 -529
20030723 -528
20030725 -526
20030727 -528
20030729 -530
20030731 -528
20030802 -530
20030804 -531
20030806 -530
20030808 -529
20030810 -527
20030812 -528
20030814 -527
20030816 -528
20030818 -526
20030820 -528
20030822 -527
20030824 -527
20030826 -529
20030827 -526
20030828 -527
20030829 -534
20030830 -531
20030831 -529
20030901 -530
20030902 -530
20030903 -533
20030904 -528
20030905 -528
20030906 -529
20030907 -528
20030908 -531
20030909 -526
20030910 -531
20030911 -527
20030912 -527
20030913 -530
20030914 -528
20030915 -528
20030916 -527
20030917 -527
20030918 -530
20030919 -527
20030920 -527
20030921 -528
20030922 -541
20030923 -527
20030924 -520
20030925 -528
20030926 -530
20030927 -527
20030928 -534
20030929 -526
20030930 -523
20031001 -525
20031002 -521
20031003 -525
20031004 -529
20031005 -526
20031006 -526
20031007 -521
20031008 -525
20031009 -526
20031010 -529
20031011 -526
20031012 -525
20031013 -526
20031014 -526
20031015 -528
20031016 -524
20031017 -526
20031018 -525
20031019 -522
20031020 -527
20031021 -524
20031022 -526
20031023 -525
20031024 -524
20031025 -525
20031026 -528
20031027 -526
20031028 -519
20031029 -520
20031030 -519
20031031 -517
20031101 -516
20031102 -523
20031103 -532
20031104 -529
20031105 -531
20031106 -528
20031107 -521
20031108 -524
20031109 -526
20031110 -526
20031111 -524
20031112 -524
20031113 -525
20031114 -521
20031115 -521
20031116 -521
20031117 -522
20031118 -523
20031119 -522
20031120 -521
20031121 -520
20031122 -518
20031123 -519
20031124 -519
20031125 -520
20031126 -516
20031127 -519
20031128 -523
20031129 -520
20031130 -520
20031201 -521
20031202 -523
20031203 -526
20031204 -524
20031205 -524
20031206 -525
20031207 -525
20031208 -522
20031209 -521
20031210 -520
20031211 -519
20031212 -522
20031213 -517
20031214 -520
20031215 -521
20031216 -523
20031217 -521
20031218 -520
20031219 -520
20031220 -514
20031221 -517
20031222 -522
20031223 -520
20031224 -522
20031225 -519
20031226 -516
20031227 -515
20031228 -514
20031229 -518
20031230 -520
20031231 -522
20040101 -517
20040102 -521
20040103 -521
20040104 -519
20040105 -519
20040106 -517
20040107 -519
20040108 -514
20040109 -516
20040110 -520
20040111 -515
20040112 -514
20040113 -513
20040114 -515
20040115 -518
20040116 -514
20040117 -517
20040118 -524
20040119 -517
20040120 -518
20040121 -518
20040122 -517
20040123 -518
20040124 -517
20040125 -517
20040126 -516
20040127 -516
20040128 -514
20040129 -518
20040130 -518
20040131 -512
20040201 -518
20040202 -518
20040203 -518
20040204 -517
20040205 -518
20040206 -516
20040207 -517
20040208 -516
20040209 -522
20040210 -518
20040211 -519
20040212 -519
20040213 -521
20040214 -519
20040215 -520
20040216 -521
20040217 -519
20040218 -519
20040219 -521
20040220 -519
20040221 -516
20040222 -518
20040223 -520
20040224 -517
20040225 -516
20040226 -516
20040227 -515
20040228 -519
20040229 -523
20040301 -525
20040302 -523
20040303 -521
20040304 -519
20040305 -520
20040306 -519
20040307 -521
20040308 -523
20040309 -522
20040310 -521
20040311 -520
20040312 -518
20040313 -520
20040314 -521
20040315 -523
20040316 -523
20040317 -523
20040318 -520
20040319 -517
20040320 -516
20040321 -517
20040322 -519
20040323 -520
20040324 -521
20040325 -521
20040326 -521
20040327 -521
20040328 -521
20040329 -522
20040330 -520
20040331 -520
20040401 -520
20040402 -521
20040403 -523
20040404 -523
20040405 -520
20040406 -519
20040407 -522
20040408 -523
20040409 -523
20040410 -523
20040411 -525
20040412 -524
20040413 -524
20040414 -523
20040415 -522
20040416 -521
20040417 -519
20040418 -516
20040419 -521
20040420 -524
20040421 -524
20040422 -526
20040423 -527
20040424 -528
20040425 -527
20040426 -525
20040427 -523
20040428 -524
20040429 -522
20040430 -523
20040501 -524
20040502 -524
20040503 -522
20040504 -518
20040505 -520
20040506 -523
20040507 -523
20040508 -523
20040509 -525
20040510 -526
20040511 -527
20040512 -526
20040513 -527
20040514 -527
20040515 -527
20040516 -528
20040517 -526
20040518 -528
20040519 -527
20040520 -527
20040521 -527
20040522 -528
20040523 -529
20040524 -528
20040525 -526
20040526 -526
20040527 -527
20040528 -527
20040529 -526
20040530 -525
20040531 -525
20040601 -525
20040602 -526
20040603 -527
20040604 -524
20040605 -525
20040606 -525
20040607 -526
20040608 -526
20040609 -526
20040610 -527
20040611 -526
20040612 -527
20040613 -529
20040614 -527
20040615 -526
20040616 -526
20040617 -524
20040618 -523
20040619 -525
20040620 -525
20040621 -525
20040622 -526
20040623 -521
20040624 -523
20040625 -527
20040626 -525
20040627 -525
20040628 -527
20040629 -525
20040630 -523
20040701 -524
20040702 -523
20040703 -523
20040704 -524
20040705 -525
20040706 -525
20040707 -523
20040708 -521
20040709 -521
20040710 -523
20040711 -521
20040712 -522
20040713 -524
20040714 -523
20040715 -522
20040716 -523
20040717 -520
20040718 -522
20040719 -523
20040720 -522
20040721 -523
20040722 -522
20040723 -523
20040724 -524
20040725 -523
20040726 -522
20040727 -524
20040728 -523
20040729 -522
20040730 -523
20040731 -523
20040801 -524
20040802 -524
20040803 -523
20040804 -524
20040805 -524
20040806 -525
20040807 -525
20040808 -524
20040809 -525
20040810 -526
20040811 -526
20040812 -523
20040813 -521
20040814 -525
20040815 -524
20040816 -521
20040817 -521
20040818 -522
20040819 -522
20040820 -522
20040821 -524
20040822 -525
20040823 -522
20040824 -520
20040825 -517
20040826 -521
20040827 -518
20040828 -520
20040829 -520
20040830 -519
20040831 -521
20040901 -521
20040902 -521
20040903 -523
20040904 -524
20040905 -523
20040906 -523
20040907 -524
20040908 -525
20040909 -525
20040910 -523
20040911 -523
20040912 -525
20040913 -522
20040914 -523
20040915 -526
20040916 -528
20040917 -525
20040918 -523
20040919 -525
20040920 -521
20040921 -525
20040922 -523
20040923 -522
20040924 -523
20040925 -525
20040926 -524
20040927 -524
20040928 -523
20040929 -523
20040930 -523
20041001 -523
20041002 -523
20041003 -524
20041004 -522
20041005 -522
20041006 -523
20041007 -524
20041008 -524
20041009 -523
20041010 -524
20041011 -525
20041012 -524
20041013 -523
20041014 -520
20041015 -520
20041016 -521
20041017 -522
20041018 -523
20041019 -524
20041020 -520
20041021 -525
20041022 -525
20041023 -523
20041024 -523
20041025 -523
20041026 -525
20041027 -522
20041028 -522
20041029 -523
20041030 -525
20041031 -528
20041101 -527
20041102 -526
20041103 -525
20041104 -525
20041105 -528
20041106 -525
20041107 -526
20041108 -524
20041109 -523
20041110 -522
20041111 -526
20041112 -523
20041113 -526
20041114 -526
20041115 -524
20041116 -525
20041117 -523
20041118 -521
20041119 -521
20041120 -521
20041121 -521
20041122 -520
20041123 -525
20041124 -525
20041125 -522
20041126 -521
20041127 -522
20041128 -519
20041129 -522
20041130 -521
20041201 -519
20041202 -522
20041203 -521
20041204 -523
20041205 -521
20041206 -521
20041207 -522
20041208 -522
20041209 -519
20041210 -520
20041211 -522
20041212 -522
20041213 -521
20041214 -520
20041215 -520
20041216 -514
20041217 -513
20041218 -517
20041219 -520
20041220 -521
20041221 -522
20041222 -517
20041223 -518
20041224 -515
20041225 -516
20041226 -520
20041227 -521
20041228 -517
20041229 -523
20041230 -521
20041231 -520
20050101 -518
20050102 -521
20050103 -522
20050104 -520
20050105 -520
20050106 -521
20050107 -520
20050108 -518
20050109 -522
20050110 -519
20050111 -519
20050112 -520
20050113 -521
20050114 -522
20050115 -521
20050116 -519
20050117 -517
20050118 -514
20050119 -519
20050120 -516
20050121 -519
20050122 -520
20050123 -520
20050124 -521
20050125 -521
20050126 -521
20050127 -518
20050128 -517
20050129 -521
20050130 -521
20050131 -520
20050201 -521
20050202 -521
20050203 -522
20050204 -521
20050205 -517
20050206 -520
20050207 -519
20050208 -521
20050209 -520
20050210 -517
20050211 -519
20050212 -511
20050213 -512
20050214 -514
20050215 -519
20050216 -521
20050217 -520
20050218 -516
20050219 -515
20050220 -515
20050221 -516
20050222 -517
20050223 -517
20050224 -518
20050225 -519
20050226 -517
20050227 -521
20050228 -520
20050301 -516
20050302 -515
20050303 -520
20050304 -517
20050305 -518
20050306 -521
20050307 -520
20050308 -521
20050309 -521
20050310 -520
20050311 -515
20050312 -516
20050313 -519
20050314 -519
20050315 -521
20050316 -521
20050317 -522
20050318 -523
20050319 -523
20050320 -522
20050321 -520
20050322 -519
20050323 -522
20050324 -521
20050325 -521
20050326 -519
20050327 -521
20050328 -522
20050329 -521
20050330 -523
20050331 -525
20050401 -525
20050402 -523
20050403 -523
20050404 -523
20050405 -523
20050406 -519
20050407 -518
20050408 -521
20050409 -524
20050410 -525
20050411 -524
20050412 -522
20050413 -519
20050414 -520
20050415 -521
20050416 -521
20050417 -520
20050418 -520
20050419 -523
20050420 -524
20050421 -524
20050422 -523
20050423 -521
20050424 -522
20050425 -523
20050426 -523
20050427 -525
20050428 -524
20050429 -524
20050430 -523
20050501 -521
20050502 -523
20050503 -523
20050504 -524
20050505 -525
20050506 -523
20050507 -521
20050508 -521
20050509 -524
20050510 -525
20050511 -526
20050512 -524
20050513 -524
20050514 -523
20050515 -524
20050516 -524
20050517 -525
20050518 -525
20050519 -525
20050520 -523
20050521 -523
20050522 -523
20050523 -526
20050524 -525
20050525 -527
20050526 -526
20050527 -525
20050528 -527
20050529 -528
20050530 -527
20050531 -528
20050601 -526
20050602 -525
20050603 -523
20050604 -525
20050605 -528
20050606 -531
20050607 -534
20050608 -533
20050609 -530
20050610 -527
20050611 -526
20050612 -524
20050613 -525
20050614 -528
20050615 -530
20050616 -533
20050617 -533
20050618 -531
20050619 -528
20050620 -527
20050621 -529
20050622 -529
20050623 -528
20050624 -528
20050625 -530
20050626 -531
20050627 -530
20050628 -529
20050629 -527
20050630 -527
20050701 -528
20050702 -528
20050703 -528
20050704 -522
20050705 -514
20050706 -521
20050707 -516
20050708 -511
20050709 -505
20050710 -500
20050711 -497
20050712 -499
20050713 -503
20050714 -509
20050715 -512
20050716 -510
20050717 -511
20050718 -519
20050719 -510
20050720 -509
20050721 -511
20050722 -513
20050723 -517
20050724 -523
20050725 -524
20050726 -514
20050727 -518
20050728 -517
20050729 -516
20050730 -515
20050731 -513
20050801 -507
20050802 -505
20050803 -507
20050804 -502
20050805 -512
20050806 -510
20050807 -512
20050808 -510
20050809 -512
20050810 -512
20050811 -512
20050812 -513
20050813 -512
20050814 -514
20050815 -503
20050816 -505
20050817 -508
20050818 -515
20050819 -515
20050820 -509
20050821 -507
20050822 -512
20050823 -510
20050824 -518
20050825 -524
20050826 -511
20050827 -509
20050828 -505
20050829 -503
20050830 -503
20050831 -515
20050901 -510
20050902 -501
20050903 -498
20050904 -505
20050905 -515
20050906 -518
20050907 -515
20050908 -514
20050909 -517
20050910 -518
20050911 -515
20050912 -506
20050913 -503
20050914 -507
20050915 -516
20050916 -512
20050917 -503
20050918 -499
20050919 -502
20050920 -502
20050921 -504
20050922 -508
20050923 -515
20050924 -510
20050925 -515
20050926 -509
20050927 -512
20050928 -508
20050929 -508
20050930 -509
20051001 -515
20051002 -504
20051003 -497
20051004 -499
20051005 -502
20051006 -504
20051007 -509
20051008 -510
20051009 -505
20051010 -509
20051011 -513
20051012 -513
20051013 -508
20051014 -500
20051015 -499
20051016 -503
20051017 -503
20051018 -509
20051019 -515
20051020 -517
20051021 -530
20051022 -526
20051023 -513
20051024 -517
20051025 -523
20051026 -510
20051027 -523
20051028 -522
20051029 -523
20051030 -522
20051031 -520
20051101 -521
20051102 -521
20051103 -520
20051104 -523
20051105 -524
20051106 -524
20051107 -523
20051108 -523
20051109 -524
20051110 -525
20051111 -524
20051112 -520
20051113 -523
20051114 -524
20051115 -520
20051116 -519
20051117 -522
20051118 -524
20051119 -525
20051120 -525
20051121 -524
20051122 -526
20051123 -525
20051124 -519
20051125 -509
20051126 -510
20051127 -511
20051128 -513
20051129 -517
20051130 -520
20051201 -519
20051202 -515
20051203 -517
20051204 -517
20051205 -518
20051206 -520
20051207 -521
20051208 -522
20051209 -527
20051210 -526
20051211 -524
20051212 -523
20051213 -524
20051214 -520
20051215 -518
20051216 -515
20051217 -518
20051218 -520
20051219 -519
20051220 -522
20051221 -523
20051222 -520
20051223 -520
20051224 -519
20051225 -520
20051226 -518
20051227 -518
20051228 -518
20051229 -519
20051230 -517
20051231 -514
20060101 -517
20060102 -523
20060103 -524
20060104 -524
20060105 -520
20060106 -521
20060107 -522
20060108 -522
20060109 -522
20060110 -522
20060111 -519
20060112 -523
20060113 -521
20060114 -521
20060115 -521
20060116 -519
20060117 -515
20060118 -520
20060119 -522
20060120 -520
20060121 -523
20060122 -526
20060123 -525
20060124 -523
20060125 -520
20060126 -521
20060127 -522
20060128 -523
20060129 -524
20060308 -523
20060309 -523
20060310 -522
20060311 -529
20060312 -533
20060313 -531
20060314 -527
20060315 -529
20060316 -529
20060317 -528
20060318 -527
20060319 -525
20060320 -526
20060321 -525
20060322 -527
20060323 -526
20060324 -523
20060325 -526
20060326 -527
20060327 -524
20060328 -525
20060329 -528
20060330 -525
20060331 -528
20060401 -528
20060402 -527
20060403 -531
20060404 -529
20060405 -529
20060406 -528
20060407 -528
20060408 -527
20060409 -528
20060410 -530
20060411 -530
20060412 -528
20060413 -527
20060414 -529
20060415 -527
20060416 -528
20060417 -529
20060418 -529
20060419 -529
20060420 -529
20060421 -530
20060422 -530
20060423 -529
20060424 -530
20060425 -530
20060426 -531
20060427 -531
20060428 -530
20060429 -530
20060430 -529
20060501 -529
20060502 -529
20060503 -531
20060504 -531
20060505 -532
20060506 -532
20060507 -532
20060508 -531
20060509 -532
20060510 -532
20060511 -533
20060512 -533
20060513 -533
20060514 -535
20060515 -533
20060516 -534
20060517 -534
20060518 -533
20060519 -530
20060520 -527
20060521 -531
20060522 -528
20060523 -534
20060524 -532
20060525 -532
20060526 -531
20060527 -532
20060528 -531
20060529 -529
20060530 -530
20060531 -531
20060601 -526
20060602 -527
20060603 -527
20060604 -526
20060605 -526
20060606 -527
20060607 -525
20060608 -526
20060609 -526
20060610 -526
20060611 -527
20060612 -526
20060613 -527
20060614 -527
20060615 -527
20060616 -526
20060617 -527
20060618 -525
20060619 -526
20060620 -527
20060621 -525
20060622 -526
20060623 -529
20060624 -527
20060625 -527
20060626 -527
20060627 -529
20060628 -529
20060629 -529
20060630 -529
20060701 -529
20060702 -529
20060703 -528
20060704 -529
20060705 -530
20060706 -530
20060707 -530
20060708 -530
20060709 -529
20060710 -533
20060711 -532
20060712 -533
20060713 -532
20060714 -534
20060715 -533
20060716 -533
20060717 -532
20060718 -532
20060719 -531
20060720 -532
20060721 -533
20060722 -531
20060723 -532
20060724 -531
20060725 -530
20060726 -529
20060727 -529
20060728 -528
20060729 -529
20060730 -529
20060731 -531
20060801 -527
20060802 -528
20060803 -529
20060804 -530
20060805 -531
20060806 -531
20060807 -530
20060808 -530
20060809 -529
20060810 -527
20060811 -527
20060812 -525
20060813 -525
20060814 -521
20060815 -523
20060816 -523
20060817 -524
20060818 -524
20060819 -526
20060820 -525
20060821 -525
20060822 -525
20060823 -524
20060824 -524
20060825 -521
20060826 -522
20060827 -523
20060828 -520
20060829 -521
20060830 -524
20060831 -524
20060901 -524
20060902 -522
20060903 -521
20060904 -526
20060905 -525
20060906 -523
20060907 -524
20060908 -527
20060909 -525
20060910 -524
20060911 -524
20060912 -523
20060913 -521
20060914 -519
20060915 -519
20060916 -521
20060917 -522
20060918 -522
20060919 -522
20060920 -522
20060921 -521
20060922 -521
20060923 -522
20060924 -522
20060925 -522
20060926 -524
20060927 -524
20060928 -523
20060929 -522
20060930 -523
20061001 -523
20061002 -520
20061003 -519
20061004 -520
20061005 -522
20061006 -521
20061007 -522
20061008 -523
20061009 -521
20061010 -522
20061011 -519
20061012 -522
20061013 -524
20061014 -523
20061015 -522
20061016 -520
20061017 -519
20061018 -518
20061019 -516
20061020 -516
20061021 -518
20061022 -519
20061023 -518
20061024 -516
20061025 -521
20061026 -519
20061027 -523
20061028 -522
20061029 -522
20061030 -521
20061031 -517
20061101 -523
20061102 -523
20061103 -523
20061104 -522
20061105 -520
20061106 -521
20061107 -520
20061108 -519
20061109 -522
20061110 -521
20061111 -516
20061112 -517
20061113 -515
20061114 -517
20061115 -517
20061116 -515
20061117 -517
20061118 -520
20061119 -519
20061120 -517
20061121 -514
20061122 -515
20061123 -512
20061124 -517
20061125 -516
20061126 -521
20061127 -520
20061128 -519
20061129 -523
20061130 -522
20061201 -519
20061202 -516
20061203 -513
20061204 -514
20061205 -513
20061206 -517
20061207 -513
20061208 -511
20061209 -519
20061210 -522
20061211 -518
20061212 -519
20061213 -520
20061214 -519
20061215 -518
20061216 -518
20061217 -518
20061218 -522
20061219 -524
20061220 -523
20061221 -524
20061222 -523
20061223 -523
20061224 -522
20061225 -521
20061226 -521
20061227 -519
20061228 -519
20061229 -517
20061230 -517
20061231 -519
20070101 -518
20070102 -518
20070103 -520
20070104 -517
20070105 -519
20070106 -518
20070107 -519
20070108 -515
20070109 -518
20070110 -518
20070111 -515
20070112 -520
20070113 -519
20070114 -524
20070115 -521
20070116 -519
20070117 -515
20070118 -509
20070119 -519
20070120 -517
20070121 -518
20070122 -520
20070123 -519
20070124 -518
20070125 -522
20070126 -519
20070127 -522
20070128 -519
20070129 -520
20070130 -521
20070131 -518
20070201 -522
20070202 -522
20070203 -523
20070204 -521
20070205 -517
20070206 -516
20070207 -515
20070208 -512
20070209 -519
20070210 -518
20070211 -515
20070212 -514
20070213 -520
20070214 -517
20070215 -523
20070216 -520
20070217 -520
20070218 -521
20070219 -520
20070220 -519
20070221 -518
20070222 -519
20070223 -518
20070224 -516
20070225 -516
20070226 -520
20070227 -519
20070228 -516
20070301 -515
20070302 -520
20070303 -519
20070304 -521
20070305 -520
20070306 -518
20070307 -516
20070308 -523
20070309 -521
20070310 -525
20070311 -524
20070312 -521
20070313 -523
20070314 -523
20070315 -521
20070316 -519
20070317 -519
20070318 -514
20070319 -514
20070320 -518
20070321 -519
20070322 -520
20070323 -520
20070324 -521
20070325 -522
20070326 -522
20070327 -521
20070328 -521
20070329 -520
20070330 -522
20070331 -524
20070401 -525
20070402 -524
20070403 -523
20070404 -524
20070405 -523
20070406 -524
20070407 -525
20070408 -525
20070409 -524
20070410 -525
20070411 -526
20070412 -524
20070413 -524
20070414 -525
20070415 -526
20070416 -526
20070417 -527
20070418 -527
20070419 -525
20070420 -527
20070421 -527
20070422 -526
20070423 -526
20070424 -526
20070425 -525
20070426 -526
20070427 -526
20070428 -527
20070429 -526
20070430 -526
20070501 -525
20070502 -526
20070503 -525
20070504 -525
20070505 -527
20070506 -526
20070507 -524
20070508 -523
20070509 -526
20070510 -525
20070511 -523
20070512 -524
20070513 -522
20070514 -524
20070515 -526
20070516 -524
20070517 -525
20070518 -523
20070519 -525
20070520 -526
20070521 -525
20070522 -527
20070523 -527
20070524 -525
20070525 -525
20070526 -523
20070527 -521
20070528 -523
20070529 -525
20070530 -525
20070531 -525
20070601 -527
20070602 -528
20070603 -527
20070604 -527
20070605 -526
20070606 -527
20070607 -526
20070608 -526
20070609 -527
20070610 -526
20070611 -526
20070612 -526
20070613 -524
20070614 -524
20070615 -523
20070616 -524
20070617 -525
20070618 -524
20070619 -525
20070620 -525
20070621 -525
20070622 -523
20070623 -523
20070624 -523
20070625 -521
20070626 -523
20070627 -521
20070628 -524
20070629 -521
20070630 -523
20070701 -519
20070702 -519
20070703 -518
20070704 -518
20070705 -519
20070706 -517
20070707 -519
20070708 -520
20070709 -519
20070710 -519
20070711 -520
20070712 -520
20070713 -520
20070714 -520
20070715 -519
20070716 -520
20070717 -520
20070718 -521
20070719 -522
20070720 -521
20070721 -521
20070722 -519
20070723 -517
20070724 -519
20070725 -521
20070726 -519
20070727 -521
20070728 -521
20070729 -518
20070730 -518
20070731 -519
20070801 -518
20070802 -517
20070803 -520
20070804 -519
20070805 -518
20070806 -518
20070807 -519
20070808 -520
20070809 -519
20070810 -520
20070811 -520
20070812 -519
20070813 -520
20070814 -518
20070815 -517
20070816 -520
20070817 -521
20070818 -520
20070819 -518
20070820 -519
20070821 -519
20070822 -519
20070823 -522
20070824 -523
20070825 -523
20070826 -523
20070827 -523
20070828 -521
20070829 -521
20070830 -521
20070831 -521
20070901 -521
20070902 -520
20070903 -520
20070904 -522
20070905 -521
20070906 -521
20070907 -521
20070908 -519
20070909 -520
20070910 -517
20070911 -520
20070912 -521
20070913 -520
20070914 -519
20070915 -520
20070916 -518
20070917 -517
20070918 -520
20070919 -520
20070920 -519
20070921 -519
20070922 -521
20070923 -520
20070924 -517
20070925 -518
20070926 -517
20070927 -518
20070928 -517
20070929 -518
20070930 -521
20071001 -521
20071002 -522
20071003 -520
20071004 -521
20071005 -521
20071006 -521
20071007 -520
20071008 -521
20071009 -520
20071010 -521
20071011 -521
20071012 -520
20071013 -521
20071014 -520
20071015 -519
20071016 -520
20071017 -520
20071018 -524
20071019 -524
20071020 -524
20071021 -521
20071022 -521
20071023 -522
20071024 -522
20071025 -522
20071026 -522
20071027 -523
20071028 -521
20071029 -520
20071030 -521
20071031 -524
20071101 -524
20071102 -524
20071103 -522
20071104 -523
20071105 -522
20071106 -523
20071107 -520
20071108 -519
20071109 -521
20071110 -520
20071111 -521
20071112 -522
20071113 -519
20071114 -521
20071115 -524
20071116 -523
20071117 -522
20071118 -519
20071119 -518
20071120 -519
20071121 -519
20071122 -519
20071123 -522
20071124 -522
20071125 -521
20071126 -523
20071127 -523
20071128 -520
20071129 -517
20071130 -519
20071201 -518
20071202 -514
20071203 -518
20071204 -522
20071205 -520
20071206 -518
20071207 -515
20071208 -518
20071209 -515
20071210 -521
20071211 -526
20071212 -528
20071213 -527
20071214 -526
20071215 -525
20071216 -525
20071217 -524
20071218 -524
20071219 -524
20071220 -523
20071221 -521
20071222 -520
20071223 -522
20071224 -521
20071225 -518
20071226 -522
20071227 -521
20071228 -520
20071229 -518
20071230 -522
20071231 -524
20080101 -522
20080102 -521
20080103 -518
20080104 -519
20080105 -518
20080106 -522
20080107 -520
20080108 -523
20080109 -521
20080110 -520
20080111 -517
20080112 -521
20080113 -521
20080114 -519
20080115 -517
20080116 -518
20080117 -520
20080118 -523
20080119 -524
20080120 -522
20080121 -519
20080122 -523
20080123 -522
20080124 -522
20080125 -525
20080126 -523
20080127 -523
20080128 -523
20080129 -521
20080130 -521
20080131 -516
20080201 -515
20080202 -521
20080203 -519
20080204 -517
20080205 -519
20080206 -523
20080207 -527
20080208 -526
20080209 -525
20080210 -525
20080211 -525
20080212 -525
20080213 -525
20080214 -525
20080215 -526
20080216 -527
20080217 -525
20080218 -524
20080219 -524
20080220 -523
20080221 -525
20080222 -525
20080223 -528
20080224 -525
20080225 -526
20080226 -523
20080227 -528
20080228 -528
20080229 -526
20080301 -525
20080302 -527
20080303 -528
20080304 -534
20080305 -537
20080306 -533
20080307 -531
20080308 -531
20080309 -529
20080310 -522
20080311 -528
20080312 -532
20080313 -535
20080314 -532
20080315 -526
20080316 -523
20080317 -527
20080318 -526
20080319 -526
20080320 -523
20080321 -514
20080322 -521
20080323 -522
20080324 -522
20080325 -524
20080326 -523
20080327 -522
20080328 -523
20080329 -525
20080330 -522
20080331 -525
20080401 -524
20080402 -525
20080403 -526
20080404 -525
20080405 -520
20080406 -519
20080407 -520
20080408 -521
20080409 -520
20080410 -521
20080411 -521
20080412 -523
20080413 -525
20080414 -525
20080415 -527
20080416 -526
20080417 -522
20080418 -521
20080419 -522
20080420 -523
20080421 -523
20080422 -526
20080423 -527
20080424 -527
20080425 -528
20080426 -527
20080427 -525
20080428 -523
20080429 -520
20080430 -521
20080501 -526
20080502 -528
20080503 -529
20080504 -528
20080505 -529
20080506 -529
20080507 -528
20080508 -528
20080509 -529
20080510 -530
20080511 -531
20080512 -531
20080513 -530
20080514 -530
20080515 -530
20080516 -529
20080517 -529
20080518 -529
20080519 -530
20080520 -530
20080521 -529
20080522 -529
20080523 -529
20080524 -528
20080525 -529
20080526 -528
20080527 -528
20080528 -527
20080529 -527
20080530 -527
20080531 -528
20080601 -528
20080602 -526
20080603 -526
20080604 -528
20080605 -527
20080606 -527
20080607 -528
20080608 -529
20080609 -529
20080610 -529
20080611 -529
20080612 -527
20080613 -527
20080614 -527
20080615 -526
20080616 -526
20080617 -527
20080618 -528
20080619 -527
20080620 -529
20080621 -529
20080622 -527
20080623 -530
20080624 -530
20080625 -529
20080626 -530
20080627 -530
20080628 -529
20080629 -530
20080630 -531
20080701 -529
20080702 -529
20080703 -529
20080704 -532
20080705 -530
20080706 -529
20080707 -528
20080708 -529
20080709 -530
20080710 -527
20080711 -526
20080712 -527
20080713 -528
20080714 -530
20080715 -529
20080716 -527
20080717 -525
20080718 -525
20080719 -523
20080720 -526
20080721 -525
20080722 -528
20080723 -528
20080724 -525
20080725 -523
20080726 -525
20080727 -526
20080728 -525
20080729 -525
20080730 -526
20080731 -525
20080801 -525
20080802 -525
20080803 -523
20080804 -523
20080805 -525
20080806 -524
20080807 -519
20080808 -521
20080809 -523
20080810 -521
20080811 -521
20080812 -519
20080813 -522
20080814 -525
20080815 -524
20080816 -523
20080817 -522
20080818 -521
20080819 -521
20080820 -523
20080821 -524
20080822 -523
20080823 -522
20080824 -523
20080825 -523
20080826 -525
20080827 -524
20080828 -524
20080829 -523
20080830 -523
20080831 -522
20080901 -525
20080902 -522
20080903 -521
20080904 -522
20080905 -520
20080906 -521
20080907 -523
20080908 -525
20080909 -524
20080910 -523
20080911 -522
20080912 -523
20080913 -523
20080914 -525
20080915 -524
20080916 -524
20080917 -522
20080918 -521
20080919 -522
20080920 -523
20080921 -522
20080922 -521
20080923 -521
20080924 -522
20080925 -524
20080926 -525
20080927 -523
20080928 -522
20080929 -519
20080930 -516
20081001 -515
20081002 -518
20081003 -518
20081004 -521
20081005 -517
20081006 -521
20081007 -519
20081008 -522
20081009 -525
20081010 -524
20081011 -522
20081012 -521
20081013 -519
20081014 -521
20081015 -519
20081016 -520
20081017 -521
20081018 -520
20081019 -521
20081020 -518
20081021 -520
20081022 -522
20081023 -523
20081024 -522
20081025 -523
20081026 -519
20081027 -517
20081028 -517
20081029 -518
20081030 -516
20081031 -519
20081101 -518
20081102 -521
20081103 -519
20081104 -521
20081105 -520
20081106 -520
20081107 -519
20081108 -520
20081109 -520
20081110 -517
20081111 -516
20081112 -519
20081113 -521
20081114 -520
20081115 -520
20081116 -521
20081117 -522
20081118 -517
20081119 -519
20081120 -518
20081121 -517
20081122 -518
20081123 -514
20081124 -517
20081125 -520
20081126 -522
20081127 -518
20081128 -516
20081129 -515
20081130 -515
20081201 -517
20081202 -518
20081203 -516
20081204 -511
20081205 -515
20081206 -521
20081207 -524
20081208 -522
20081209 -517
20081210 -518
20081211 -518
20081212 -520
20081213 -515
20081214 -517
20081215 -521
20081216 -520
20081217 -519
20081218 -520
20081219 -522
20081220 -521
20081221 -523
20081222 -522
20081223 -523
20081224 -521
20081225 -522
20081226 -523
20081227 -522
20081228 -521
20081229 -521
20081230 -521
20081231 -520
20090101 -521
20090102 -521
20090103 -520
20090104 -518
20090105 -519
20090106 -521
20090107 -519
20090108 -522
20090109 -522
20090110 -521
20090111 -520
20090112 -517
20090113 -518
20090114 -518
20090115 -520
20090116 -520
20090117 -518
20090118 -513
20090119 -510
20090120 -517
20090121 -520
20090122 -515
20090123 -506
20090124 -516
20090125 -517
20090126 -520
20090127 -523
20090128 -523
20090129 -522
20090130 -522
20090131 -521
20090201 -520
20090202 -518
20090203 -518
20090204 -518
20090205 -515
20090206 -517
20090207 -517
20090208 -521
20090209 -520
20090210 -516
20090211 -522
20090212 -522
20090213 -522
20090214 -525
20090215 -522
20090216 -521
20090217 -522
20090218 -522
20090219 -522
20090220 -521
20090221 -522
20090222 -519
20090223 -520
20090224 -522
20090225 -521
20090226 -520
20090227 -518
20090228 -518
20090301 -517
20090302 -519
20090303 -518
20090304 -512
20090305 -516
20090306 -520
20090307 -521
20090308 -519
20090309 -520
20090310 -518
20090311 -524
20090312 -521
20090313 -521
20090314 -519
20090315 -524
20090316 -525
20090317 -525
20090318 -524
20090319 -523
20090320 -524
20090321 -523
20090322 -523
20090323 -518
20090324 -520
20090325 -516
20090326 -518
20090327 -517
20090328 -517
20090329 -521
20090330 -524
20090331 -524
20090401 -523
20090402 -521
20090403 -521
20090404 -522
20090405 -524
20090406 -520
