551
2
date -9999
head -9999
19690124 -363
19690128 -361
19690214 -358
19690228 -356
19690314 -353
19690328 -362
19690428 -363
19690514 -361
19690528 -361
19690616 -363
19690627 -365
19690714 -364
19690728 -366
19690814 -368
19690828 -364
19690915 -365
19690929 -368
19691014 -371
19691027 -371
19691114 -365
19691128 -362
19691215 -361
19691230 -359
19700114 -358
19700128 -357
19700214 -355
19700227 -344
19700313 -352
19700326 -357
19700414 -355
19700428 -356
19700514 -358
19700529 -362
19700615 -363
19700629 -361
19700714 -364
19700728 -360
19700814 -361
19700915 -363
19700928 -368
19701015 -369
19701030 -359
19701116 -356
19701127 -354
19701214 -350
19701230 -360
19710113 -361
19710128 -355
19710216 -348
19710301 -356
19710315 -358
19710331 -366
19710416 -364
19710428 -366
19710514 -362
19710529 -358
19710616 -356
19710713 -363
19710729 -359
19710814 -363
19710828 -364
19710915 -369
19710929 -369
19711014 -368
19711028 -372
19711115 -374
19711130 -369
19711215 -372
19711229 -369
19720115 -370
19720128 -371
19720214 -364
19720301 -366
19720314 -366
19720330 -366
19720413 -366
19720503 -364
19720515 -364
19720530 -360
19720628 -358
19720715 -354
19720731 -351
19720816 -353
19720829 -356
19720915 -357
19720929 -361
19721014 -364
19721027 -364
19721115 -358
19721129 -352
19721215 -354
19721228 -354
19730116 -357
19730129 -355
19730228 -349
19730314 -357
19730330 -359
19730427 -385
19730515 -355
19730529 -346
19730628 -356
19730713 -354
19730728 -354
19730815 -356
19730828 -356
19730915 -358
19730929 -358
19731014 -354
19731029 -347
19731115 -342
19731228 -339
19740114 -342
19740129 -342
19740214 -341
19740228 -346
19740314 -344
19740329 -349
19740417 -354
19740430 -352
19740516 -357
19740528 -356
19740714 -356
19740728 -357
19740814 -364
19740828 -360
19740914 -348
19740928 -353
19741011 -342
19741028 -325
19741114 -335
19741128 -326
19741214 -326
19741228 -332
19750114 -334
19750128 -327
19750214 -336
19750228 -349
19750314 -335
19750328 -332
19750414 -346
19750428 -350
19750613 -358
19750626 -359
19750714 -359
19750728 -364
19750815 -364
19750828 -364
19750915 -369
19750929 -364
19751014 -366
19751028 -369
19751114 -369
19751128 -367
19751215 -359
19751229 -364
19760114 -353
19760128 -352
19760214 -355
19760228 -357
19760314 -356
19760328 -359
19760414 -362
19760428 -364
19760514 -364
19760528 -361
19760614 -363
19760628 -364
19760714 -366
19760728 -358
19760814 -362
19760828 -365
19760914 -364
19760928 -362
19761015 -364
19761029 -366
19761115 -370
19761129 -369
19761214 -364
19761228 -358
19770114 -357
19770128 -347
19770215 -350
19770228 -352
19770315 -357
19770329 -357
19770414 -357
19770428 -362
19770514 -360
19770527 -364
19770614 -359
19770628 -362
19770714 -361
19770728 -362
19770815 -359
19770829 -357
19770914 -361
19770928 -366
19771014 -373
19771028 -374
19771114 -354
19771128 -339
19771214 -344
19771228 -345
19780113 -346
19780127 -357
19780213 -347
19780227 -348
19780314 -359
19780328 -352
19780414 -357
19780428 -356
19780528 -359
19780614 -359
19780627 -357
19780714 -359
19780728 -360
19780814 -362
19780828 -364
19780914 -364
19780928 -363
19781013 -365
19781027 -363
19781114 -362
19781128 -363
19781215 -384
19781228 -344
19790115 -346
19790129 -350
19790214 -339
19790228 -334
19790314 -334
19790328 -337
19790413 -351
19790428 -352
19790514 -345
19790528 -346
19790614 -354
19790628 -356
19790713 -356
19790727 -357
19790814 -359
19790828 -362
19790914 -364
19790928 -367
19791015 -364
19791029 -367
19791115 -348
19791128 -364
19791214 -350
19791228 -346
19800114 -336
19800129 -346
19800215 -348
19800229 -349
19800314 -348
19800328 -349
19800414 -351
19800428 -356
19800514 -359
19800528 -356
19800613 -358
19800627 -358
19800714 -348
19800728 -352
19800815 -358
19800828 -359
19800915 -360
19800927 -362
19801014 -364
19801028 -364
19801114 -364
19801128 -360
19801215 -353
19801229 -347
19810114 -343
19810127 -342
19810213 -349
19810227 -354
19810313 -328
19810327 -334
19810415 -348
19810429 -352
19810514 -356
19810528 -356
19810615 -357
19810629 -357
19810714 -357
19810728 -359
19810814 -357
19810828 -362
19810914 -361
19810928 -363
19811014 -358
19811028 -345
19811114 -351
19811128 -347
19811214 -345
19811228 -344
19820115 -346
19820128 -348
19820315 -356
19820329 -357
19820414 -361
19820428 -364
19820514 -362
19820528 -360
19820614 -359
19820628 -355
19820714 -364
19820728 -364
19820814 -366
19820828 -368
19820915 -369
19820928 -369
19821014 -359
19821029 -364
19821115 -364
19821129 -363
19821214 -364
19821228 -355
19830114 -356
19830128 -352
19830215 -351
19830228 -384
19830314 -359
19830328 -353
19830414 -348
19830428 -344
19830514 -346
19830528 -347
19830614 -354
19830628 -356
19830714 -357
19830728 -361
19830815 -364
19830829 -366
19830914 -358
19830928 -358
19831014 -360
19831028 -364
19831114 -369
19831128 -354
19831214 -349
19831228 -347
19840114 -339
19840128 -342
19840214 -336
19840228 -347
19840314 -324
19840328 -356
19840414 -362
19840428 -364
19840514 -364
19840529 -364
19840614 -362
19840628 -364
19840714 -364
19840727 -364
19840814 -364
19840828 -369
19840914 -364
19840928 -362
19841015 -360
19841029 -354
19841114 -360
19841128 -358
19841214 -359
19841228 -364
19850114 -360
19850128 -356
19850214 -362
19850228 -366
19850314 -364
19850328 -370
19850415 -366
19850427 -364
19850514 -364
19850528 -364
19850614 -359
19850628 -362
19850714 -364
19850728 -362
19850815 -364
19850828 -364
19850914 -364
19850928 -366
19851014 -370
19851028 -370
19851114 -366
19851128 -364
19851214 -359
19851228 -349
19860114 -339
19860128 -336
19860214 -363
19860228 -364
19860314 -366
19860328 -360
19860414 -359
19860428 -364
19860514 -361
19860528 -363
19860616 -361
19860630 -364
19860714 -364
19860728 -363
19860814 -364
19860828 -362
19860915 -360
19860929 -364
19861014 -360
19861028 -356
19861114 -356
19861128 -346
19861215 -349
19861229 -347
19870114 -351
19870128 -349
19870214 -354
19870228 -353
19870313 -355
19870327 -354
19870414 -355
19870428 -354
19870514 -348
19870520 -352
19870528 -352
19870614 -352
19870628 -351
19870714 -346
19870728 -344
19870814 -342
19870828 -344
19870914 -350
19870928 -350
19871014 -344
19871028 -348
19871114 -354
19871128 -339
19871214 -349
19871228 -348
19880114 -340
19880127 -328
19880214 -326
19880228 -339
19880315 -337
19880329 -336
19880414 -352
19880428 -354
19880514 -354
19880528 -359
19880614 -364
19880628 -364
19880714 -350
19880728 -364
19880815 -364
19880829 -360
19880914 -359
19880928 -359
19881014 -356
19881028 -355
19881114 -359
19881128 -349
19881214 -352
19881228 -349
19890114 -352
19890128 -355
19890214 -364
19890228 -351
19890314 -344
19890328 -346
19890414 -346
19890428 -346
19890513 -354
19890527 -359
19890614 -359
19890629 -360
19890714 -360
19890728 -364
19890814 -363
19890828 -364
19890914 -362
19890928 -362
19891014 -362
19891029 -364
19891114 -356
19891128 -360
19891214 -358
19891228 -349
19900115 -359
19900129 -349
19900214 -344
19900228 -339
19900314 -349
19900328 -354
19900414 -358
19900428 -359
19900514 -359
19900528 -364
19900614 -361
19900628 -362
19900714 -364
19900727 -369
19901015 -363
19901029 -366
19901114 -362
19901128 -351
19901214 -359
19901228 -356
19910114 -353
19910128 -354
19910214 -359
19910228 -361
19910314 -359
19910328 -362
19910415 -359
19910429 -366
19910514 -365
19910528 -369
19910614 -368
19910628 -356
19910715 -356
19910729 -360
19910815 -364
19910828 -369
19910914 -374
19910928 -369
19911014 -374
19911028 -369
19911114 -349
19911128 -352
19911213 -364
19911228 -359
19920114 -359
19920128 -374
19920214 -359
19920228 -366
19920314 -361
19920328 -359
19920514 -364
19920527 -364
19920714 -369
19920728 -369
19920914 -359
19920928 -362
19921014 -369
19921028 -354
19921113 -354
19921127 -344
19921214 -339
19921228 -349
