431
2
date -9999
head -9999
19840413 -229
19840427 -236
19840514 -239
19840528 -238
19840614 -234
19840628 -236
19840713 -236
19840727 -236
19840814 -239
19840828 -243
19840914 -238
19841002 -231
19841015 -230
19841029 -224
19841114 -229
19841128 -227
19841214 -234
19850128 -231
19850214 -233
19850228 -241
19850314 -237
19850328 -238
19850415 -232
19850429 -237
19850514 -237
19850528 -239
19850613 -240
19850627 -238
19850715 -242
19850730 -238
19850814 -238
19850828 -237
19850913 -239
19850927 -239
19851014 -241
19851028 -244
19851128 -236
19851213 -231
19860114 -219
19860128 -220
19860303 -241
19860314 -242
19860414 -237
19860514 -239
19860529 -246
19860627 -244
19860714 -248
19860728 -247
19860828 -245
19860915 -243
19860929 -246
19861014 -246
19861028 -236
19861114 -234
19861201 -230
19861215 -231
19870128 -227
19870216 -231
19870316 -220
19870327 -227
19870414 -234
19870428 -238
19870514 -239
19870527 -236
19870615 -236
19870629 -237
19870714 -238
19870728 -231
19870814 -229
19870828 -230
19870914 -234
19870928 -233
19871014 -232
19871028 -232
19871113 -233
19871127 -226
19871214 -232
19871228 -230
19880114 -225
19880229 -226
19880328 -228
19880414 -236
19880428 -240
19880513 -239
19880527 -246
19880614 -245
19880628 -252
19880714 -247
19880728 -238
19880815 -243
19880829 -243
19880914 -241
19880928 -244
19881014 -232
19881028 -232
19881114 -240
19881128 -237
19881214 -231
19881228 -229
19890113 -230
19890127 -234
19890214 -240
19890228 -235
19890314 -232
19890328 -229
19890428 -237
19890516 -242
19890529 -252
19890614 -249
19890628 -253
19890714 -252
19890728 -256
19890814 -258
19890828 -259
19890914 -255
19890928 -259
19891013 -253
19891027 -221
19891114 -250
19891128 -250
19891228 -242
19900115 -246
19900129 -241
19900228 -233
19900314 -239
19900328 -240
19900413 -244
19900427 -243
19900515 -250
19900528 -255
19900614 -256
19900628 -256
19900713 -253
19900727 -258
19900914 -251
19900928 -247
19901015 -246
19901029 -244
19901128 -235
19901214 -238
19910114 -236
19910128 -237
19910214 -243
19910228 -244
19910314 -240
19910328 -243
19910415 -251
19910426 -249
19910514 -252
19910528 -253
19910614 -252
19910628 -243
19910715 -241
19910729 -242
19910814 -247
19910828 -253
19910913 -255
19910927 -249
19911014 -245
19911028 -244
19911128 -234
19911213 -242
19911230 -240
19920114 -235
19920128 -232
19920214 -236
19920228 -241
19920313 -240
19920327 -239
19920414 -243
19920428 -245
19920514 -244
19920527 -246
19920615 -248
19920629 -251
19920714 -249
19920728 -252
19920814 -246
19920828 -244
19920914 -241
19920928 -242
19921014 -251
19921228 -231
19930114 -230
19930128 -230
19930215 -232
19930301 -235
19930315 -237
19930329 -243
19930414 -242
19930428 -246
19930514 -248
19930528 -248
19930614 -249
19930628 -252
19930714 -255
19930813 -238
19930827 -244
19930914 -241
19931028 -235
19931129 -236
19940228 -237
19940314 -242
19940328 -241
19940428 -246
19940517 -251
19940527 -249
19940614 -246
19940628 -248
19940714 -253
19940728 -254
19940815 -248
19940914 -243
19940928 -234
19941014 -232
19941114 -229
19941128 -231
19950314 -223
19950315 -246
19950328 -226
19950418 -230
19950427 -235
19950515 -240
19950529 -242
19950614 -240
19950628 -242
19950713 -247
19950726 -246
19950814 -250
19950828 -248
19950914 -244
19950929 -239
19951014 -237
19951027 -237
19951114 -238
19951127 -238
19951214 -241
19951228 -236
19960116 -240
19960129 -240
19960213 -244
19960227 -238
19960314 -236
19960326 -240
19960411 -242
19960425 -244
19960514 -248
19960529 -245
19960603 -248
19960627 -250
19960715 -250
19960725 -247
19960813 -244
19960828 -243
19960913 -239
19960927 -243
19961014 -239
19961028 -238
19961212 -227
19970113 -241
19970128 -243
19970227 -231
19970313 -233
19970326 -232
19970414 -236
19970428 -234
19970514 -230
19970528 -231
19970616 -239
19970626 -238
19970715 -238
19970724 -234
19970818 -238
19970828 -238
19970911 -238
19970929 -240
19971014 -236
19971028 -236
19971114 -235
19971127 -237
19971215 -232
19980114 -222
19980128 -224
19980216 -230
19980227 -233
19980326 -227
19980513 -233
19980528 -231
19980629 -227
19980714 -227
19980728 -232
19980814 -237
19980827 -234
19980928 -228
19990329 -229
19990428 -208
19990518 -235
19990528 -238
19990614 -238
19990630 -242
19990714 -243
19990728 -247
19990830 -239
19990914 -243
19990928 -241
19991014 -236
19991028 -238
19991115 -237
19991130 -232
20000114 -199
20000128 -202
20000214 -228
20000229 -190
20000314 -220
20000328 -225
20000413 -231
20000427 -235
20000515 -241
20000614 -234
20000628 -238
20000727 -232
20000814 -244
20000828 -239
20000914 -240
20000927 -244
20000930 -244
20001016 -235
20010128 -202
20010628 -241
20010712 -241
20010726 -242
20010814 -236
20010827 -236
20011015 -221
20011029 -227
20011213 -223
20020114 -226
20020214 -218
20020314 -216
20020328 -227
20020415 -237
20020426 -239
20020513 -242
20020613 -240
20020627 -241
20020715 -242
20020729 -244
20020814 -235
20020916 -237
20020926 -230
20021014 -231
20030228 -232
20030314 -242
20030327 -236
20030415 -238
20030428 -239
20030513 -245
20030514 -245
20030528 -234
20030613 -239
20030630 -244
20030714 -244
20030728 -244
20030814 -259
20030827 -243
20030929 -241
20031015 -239
20031028 -240
20031114 -220
20031128 -237
20031215 -235
20040127 -216
20040213 -212
20040315 -231
20040329 -232
20040415 -235
20040428 -236
20040517 -244
20040528 -245
20040614 -248
20040628 -244
20040714 -245
20040728 -237
20040813 -226
20040914 -233
20040928 -235
20041014 -232
20041027 -225
20041214 -231
20050228 -222
20050315 -226
20050513 -227
20050529 -239
20050614 -236
20050628 -241
20050714 -232
20050728 -232
20050812 -229
20050829 -236
20050914 -236
20050928 -234
20051014 -235
20051028 -234
20051115 -230
20051215 -203
20060126 -220
20060214 -221
20060228 -221
20060314 -230
20060413 -233
20060428 -235
20060512 -243
20060614 -243
20060714 -251
20060728 -251
20060812 -227
20060913 -233
20060929 -232
20061013 -235
20061027 -228
20061128 -221
20070115 -225
20070328 -229
20070416 -247
20070427 -237
20070514 -235
20070529 -237
20070815 -225
20071015 -232
20071029 -236
20071228 -229
