1328
2
date -9999
head -9999
19901130 -316
19901214 -322
19901228 -320
19910128 -320
19910301 -324
19910314 -325
19910328 -329
19910414 -329
19910429 -331
19910515 -329
19910530 -331
19910615 -324
19910701 -316
19910713 -318
19910731 -319
19910814 -328
19910831 -319
19911002 -332
19911015 -335
19911031 -336
19911115 -335
19911130 -336
19911213 -322
19911228 -323
19920114 -337
19920130 -326
19920328 -328
19920415 -331
19920501 -330
19920514 -332
19920601 -329
19920615 -340
19920701 -342
19920715 -329
19920731 -330
19920915 -323
19920930 -332
19921015 -329
19921102 -330
19921114 -326
19921201 -321
19921215 -318
19930102 -320
19930116 -316
19930201 -318
19930215 -323
19930226 -320
19930315 -329
19930401 -327
19930425 -321
19930501 -320
19930616 -329
19930701 -326
19930715 -330
19930802 -329
19930814 -323
19930901 -332
19930915 -323
19931001 -323
19931014 -329
19931030 -330
19931116 -321
19931130 -320
19931215 -330
19940102 -330
19940116 -326
19940202 -328
19940216 -325
19940226 -324
19940316 -323
19940401 -332
19940416 -323
19940502 -324
19940530 -326
19940616 -332
19940704 -331
19940715 -328
19940730 -330
19940815 -328
19940905 -329
19940915 -328
19941003 -326
19941016 -326
19941102 -326
19941114 -326
19941202 -336
19941215 -327
19950103 -332
19950115 -328
19950130 -329
19950215 -322
19950301 -324
19950315 -322
19950401 -326
19950416 -319
19950502 -319
19950516 -322
19950602 -321
19950616 -331
19950703 -326
19950716 -326
19950801 -327
19950814 -336
19950828 -339
19950913 -341
19950928 -338
19951013 -337
19951106 -343
19951116 -341
19951128 -344
19951214 -346
19951228 -342
19960115 -344
19960126 -341
19960214 -344
19960228 -337
19960315 -335
19960329 -336
19960416 -334
19960501 -334
19960529 -331
19960614 -335
19960627 -332
19960712 -329
19960726 -330
19960815 -329
19960827 -329
19960912 -328
19960927 -329
19961014 -330
19961028 -330
19961114 -322
19961128 -312
19961212 -312
19970113 -326
19970128 -331
19970214 -319
19970228 -317
19970314 -317
19970327 -319
19970414 -322
19970428 -320
19970514 -320
19970528 -316
19970627 -315
19970711 -313
19970728 -315
19970815 -320
19970828 -322
19970915 -328
19970929 -331
19971028 -330
19971113 -332
19971128 -332
19980114 -312
19980128 -313
19980213 -322
19980227 -323
19980316 -306
19980330 -312
19980415 -311
19980428 -310
19980629 -311
19980714 -315
19980729 -318
19980814 -322
19980827 -323
19980915 -303
19980928 -304
19981015 -311
19981113 -281
19981127 -296
19981214 -300
19981228 -296
19990114 -298
19990128 -299
19990215 -306
19990301 -304
19990315 -301
19990329 -307
19990414 -308
19990428 -314
19990518 -318
19990528 -321
19990614 -323
19990628 -325
19990714 -325
19990729 -336
19990816 -325
19990830 -324
19990913 -329
19990930 -330
19991015 -322
19991029 -325
19991115 -323
19991129 -319
19991215 -310
19991231 -295
20000114 -303
20000131 -315
20000214 -313
20000229 -303
20000305 -319
20000315 -300
20000329 -310
20000414 -316
20000503 -322
20000515 -323
20000605 -319
20000614 -319
20000629 -325
20000731 -327
20000814 -329
20000828 -332
20000927 -337
20001018 -336
20001115 -310
20001129 -305
20001213 -308
20010115 -310
20010130 -315
20010214 -303
20010228 -309
20010314 -317
20010328 -312
20010413 -319
20010427 -318
20010514 -321
20010528 -325
20010614 -329
20010628 -333
20010716 -333
20010730 -337
20010815 -326
20010827 -327
20010917 -320
20010926 -299
20011015 -308
20011029 -318
20011114 -318
20020114 -313
20020128 -307
20020214 -305
20020228 -292
20020312 -304
20020328 -314
20020415 -321
20020501 -324
20020513 -324
20020528 -329
20020613 -330
20020627 -332
20020715 -335
20020819 -335
20020829 -317
20020912 -327
20020927 -329
20021014 -331
20021029 -330
20021114 -313
20021128 -317
20030115 -310
20030201 -314
20030203 -310
20030205 -311
20030207 -311
20030209 -311
20030211 -313
20030213 -314
20030215 -317
20030217 -318
20030219 -316
20030221 -319
20030223 -320
20030225 -320
20030227 -321
20030301 -322
20030303 -323
20030305 -324
20030307 -325
20030309 -326
20030311 -325
20030313 -328
20030315 -329
20030317 -328
20030319 -328
20030321 -329
20030323 -329
20030325 -330
20030327 -331
20030329 -331
20030331 -332
20030402 -330
20030404 -332
20030406 -333
20030408 -332
20030410 -332
20030412 -333
20030414 -333
20030416 -335
20030418 -336
20030420 -335
20030422 -336
20030424 -334
20030426 -332
20030428 -332
20030430 -333
20030502 -333
20030504 -334
20030506 -335
20030508 -335
20030510 -334
20030512 -333
20030514 -334
20030516 -333
20030518 -333
20030520 -334
20030522 -332
20030524 -330
20030526 -331
20030528 -331
20030530 -330
20030601 -330
20030603 -331
20030605 -331
20030607 -331
20030609 -331
20030611 -332
20030613 -333
20030615 -333
20030617 -333
20030619 -334
20030621 -335
20030623 -334
20030625 -335
20030627 -335
20030629 -335
20030701 -333
20030703 -334
20030705 -335
20030707 -335
20030709 -336
20030711 -337
20030713 -337
20030715 -337
20030717 -338
20030719 -338
20030721 -339
20030723 -339
20030725 -339
20030727 -340
20030729 -340
20030731 -340
20030802 -341
20030804 -343
20030806 -343
20030808 -344
20030810 -342
20030812 -343
20030814 -343
20030816 -344
20030818 -342
20030820 -343
20030822 -343
20030824 -344
20030826 -344
20030828 -344
20030830 -346
20030901 -345
20030903 -346
20030905 -345
20030907 -345
20030909 -345
20030911 -344
20030913 -345
20030915 -344
20030917 -344
20030919 -345
20030921 -345
20030923 -344
20030925 -344
20030927 -344
20030929 -344
20031001 -343
20031003 -343
20031005 -344
20031007 -342
20031009 -341
20031011 -342
20031013 -341
20031015 -342
20031017 -341
20031019 -340
20031021 -341
20031023 -342
20031025 -342
20031027 -342
20031029 -340
20031031 -338
20031102 -341
20031104 -344
20031106 -344
20031108 -342
20031110 -343
20031112 -342
20040213 -304
20040215 -305
20040217 -305
20040219 -308
20040221 -307
20040223 -310
20040225 -310
20040227 -310
20040229 -314
20040302 -315
20040304 -313
20040306 -314
20040308 -317
20040310 -316
20040312 -316
20040314 -318
20040316 -320
20040318 -320
20040320 -316
20040322 -317
20040324 -317
20040326 -318
20040328 -318
20040330 -318
20040401 -319
20040403 -321
20040405 -320
20040407 -321
20040409 -322
20040411 -323
20040413 -324
20040415 -324
20040417 -323
20040419 -324
20040421 -326
20040423 -328
20040425 -328
20040427 -327
20040429 -326
20040501 -327
20040503 -325
20040505 -325
20040507 -327
20040509 -327
20040511 -329
20040513 -328
20040515 -329
20040517 -329
20040519 -330
20040521 -330
20040523 -331
20040525 -329
20040527 -330
20040529 -330
20040531 -329
20040602 -330
20040604 -329
20040606 -330
20040608 -331
20040610 -331
20040612 -331
20040614 -331
20040616 -331
20040618 -331
20040620 -332
20040622 -332
20040624 -330
20040626 -331
20040628 -333
20040630 -331
20040702 -332
20040704 -332
20040706 -333
20040708 -331
20040710 -331
20040712 -331
20040714 -330
20040716 -330
20040718 -329
20040720 -328
20040722 -328
20040724 -328
20040726 -329
20040728 -330
20040730 -331
20040801 -332
20040803 -331
20040805 -332
20040807 -333
20040809 -334
20040811 -335
20040813 -333
20040815 -334
20040817 -331
20040819 -332
20040821 -333
20040823 -333
20040825 -328
20040827 -325
20040829 -324
20040831 -323
20040902 -323
20040904 -324
20040906 -324
20040908 -325
20040909 -324
20040911 -323
20040913 -324
20040915 -327
20040917 -327
20040919 -328
20040921 -329
20040923 -327
20040925 -327
20040927 -327
20040929 -326
20041001 -324
20041003 -325
20041005 -325
20041007 -326
20041009 -326
20041011 -326
20041013 -326
20041015 -326
20041017 -327
20041019 -328
20041021 -330
20041023 -329
20041025 -329
20041027 -329
20041029 -329
20041031 -331
20041102 -330
20041104 -330
20041106 -330
20041108 -329
20041110 -329
20041112 -329
20041114 -331
20041116 -330
20041118 -329
20041120 -323
20041122 -319
20041124 -320
20041126 -318
20041128 -317
20041130 -318
20041202 -319
20041203 -322
20041205 -323
20041207 -324
20041209 -324
20041211 -325
20041213 -326
20041215 -325
20041217 -323
20041219 -326
20041221 -327
20041223 -326
20041225 -324
20041227 -325
20041229 -324
20041231 -322
20050102 -322
20050104 -322
20050106 -322
20050108 -322
20050110 -322
20050112 -321
20050114 -323
20050116 -321
20050118 -320
20050120 -320
20050122 -319
20050124 -318
20050126 -318
20050128 -317
20050130 -319
20050201 -319
20050203 -319
20050205 -317
20050207 -318
20050209 -319
20050211 -317
20050213 -311
20050215 -310
20050217 -309
20050219 -308
20050221 -309
20050223 -309
20050225 -311
20050227 -313
20050301 -312
20050303 -315
20050305 -315
20050307 -317
20050309 -317
20050311 -315
20050313 -317
20050315 -318
20050317 -320
20050319 -321
20050321 -320
20050323 -321
20050325 -322
20050327 -323
20050329 -323
20050331 -324
20050402 -324
20050404 -324
20050406 -323
20050408 -324
20050410 -326
20050412 -325
20050414 -324
20050416 -325
20050418 -325
20050420 -326
20050422 -325
20050424 -325
20050426 -325
20050428 -325
20050430 -325
20050502 -325
20050504 -326
20050506 -325
20050508 -325
20050510 -327
20050512 -327
20050514 -327
20050516 -327
20050518 -328
20050520 -327
20050522 -327
20050524 -329
20050526 -329
20050528 -330
20050530 -330
20050601 -330
20050603 -327
20050605 -329
20050607 -330
20050609 -330
20050611 -328
20050613 -327
20050615 -329
20050617 -331
20050619 -330
20050621 -332
20050623 -332
20050625 -333
20050627 -333
20050629 -332
20050701 -331
20050703 -329
20050704 -325
20050706 -321
20050708 -310
20050710 -297
20050712 -297
20050714 -308
20050716 -310
20050718 -320
20050720 -309
20050722 -315
20050724 -328
20050726 -318
20050728 -323
20050730 -322
20050801 -313
20050803 -313
20050805 -321
20050807 -321
20050809 -322
20050811 -322
20050813 -321
20050815 -311
20050817 -317
20050819 -324
20050821 -316
20050823 -320
20050825 -336
20050827 -321
20050829 -315
20050831 -327
20050902 -311
20050904 -318
20050906 -333
20050908 -328
20050910 -333
20050912 -321
20050914 -323
20050916 -328
20050918 -314
20050920 -316
20050922 -321
20050924 -322
20050926 -321
20050928 -320
20050930 -323
20051002 -317
20051004 -311
20051006 -318
20051008 -324
20051010 -323
20051012 -328
20051014 -314
20051016 -318
20051018 -326
20051020 -336
20051022 -345
20051024 -335
20051026 -325
20051027 -333
20051029 -334
20051031 -333
20051102 -333
20051104 -335
20051106 -336
20051108 -336
20051110 -338
20051112 -337
20051114 -338
20051116 -335
20051118 -337
20051120 -335
20051122 -336
20051124 -329
20051126 -321
20051128 -319
20051130 -320
20051202 -316
20051204 -317
20051206 -316
20051208 -315
20051210 -317
20051212 -315
20051214 -315
20051216 -311
20051218 -313
20051220 -314
20051222 -313
20051224 -312
20051226 -311
20051228 -313
20051230 -312
20060101 -311
20060103 -315
20060105 -313
20060107 -315
20060109 -316
20060111 -315
20060113 -317
20060115 -317
20060117 -314
20060119 -317
20060121 -318
20060123 -321
20060125 -317
20060127 -319
20060129 -320
20060309 -329
20060311 -329
20060313 -329
20060315 -329
20060317 -328
20060319 -327
20060321 -327
20060323 -327
20060325 -328
20060327 -327
20060329 -329
20060331 -328
20060402 -327
20060404 -327
20060406 -326
20060408 -325
20060410 -326
20060412 -325
20060414 -325
20060416 -323
20060418 -323
20060420 -323
20060422 -322
20060424 -320
20060426 -320
20060428 -317
20060430 -315
20060502 -312
20060504 -312
20060506 -312
20060508 -310
20060510 -310
20060512 -309
20060514 -309
20060516 -307
20060518 -306
20060520 -301
20060522 -300
20060524 -302
20060526 -299
20060528 -297
20060530 -295
20060601 -330
20060603 -330
20060605 -329
20060607 -329
20060609 -328
20060611 -329
20060613 -327
20060615 -326
20060617 -326
20060619 -325
20060621 -323
20060623 -324
20060625 -324
20060627 -324
20060629 -325
20060701 -325
20060703 -324
20060705 -324
20060707 -324
20060709 -323
20060711 -325
20060713 -325
20060715 -325
20060717 -325
20060719 -324
20060721 -324
20060723 -323
20060725 -323
20060727 -323
20060729 -323
20060731 -323
20060802 -321
20060804 -321
20060806 -321
20060808 -320
20060810 -318
20060812 -317
20060814 -312
20060816 -309
20060818 -305
20060820 -302
20060822 -300
20060824 -296
20060826 -295
20060828 -292
20060830 -291
20060901 -288
20060903 -286
20060905 -288
20060907 -287
20060909 -287
20060911 -287
20060913 -321
20060915 -328
20060917 -335
20060919 -340
20060921 -344
20060923 -349
20060925 -352
20060927 -354
20060929 -355
20061001 -357
20061003 -358
20061005 -361
20061007 -362
20061009 -363
20061011 -364
20061013 -367
20061015 -367
20061017 -367
20061019 -367
20061021 -369
20061023 -370
20061025 -368
20061027 -370
20061029 -370
20061031 -369
20061102 -373
20061104 -373
20061106 -373
20061108 -373
20061110 -375
20061112 -373
20061114 -370
20061116 -369
20061118 -370
20061120 -368
20061122 -365
20061124 -364
20061126 -365
20061128 -363
20061130 -366
20061202 -363
20061204 -362
20061206 -364
20061208 -359
20061210 -362
20061212 -361
20061214 -361
20061216 -361
20061218 -312
20061220 -313
20061222 -314
20061224 -315
20061226 -316
20061228 -316
20061230 -317
20070101 -318
20070103 -319
20070105 -320
20070107 -319
20070109 -318
20070111 -316
20070113 -317
20070115 -319
20070117 -315
20070119 -313
20070121 -310
20070123 -309
20070125 -312
20070127 -313
20070129 -314
20070131 -314
20070202 -318
20070204 -318
20070206 -317
20070208 -315
20070210 -319
20070212 -315
20070214 -317
20070216 -317
20070218 -319
20070220 -319
20070222 -319
20070224 -319
20070226 -320
20070228 -316
20070302 -315
20070304 -313
20070306 -309
20070308 -308
20070310 -307
20070312 -306
20070314 -309
20070316 -309
20070318 -307
20070320 -311
20070322 -305
20070324 -307
20070326 -309
20070328 -311
20070330 -312
20070401 -316
20070403 -315
20070405 -317
20070407 -319
20070409 -320
20070411 -322
20070413 -322
20070415 -323
20070417 -325
20070419 -325
20070421 -326
20070423 -327
20070425 -327
20070427 -329
20070429 -329
20070501 -330
20070503 -331
20070505 -332
20070507 -330
20070509 -331
20070511 -329
20070513 -327
20070515 -330
20070517 -330
20070519 -330
20070521 -330
20070523 -331
20070525 -329
20070527 -327
20070529 -329
20070531 -329
20070602 -331
20070604 -330
20070606 -330
20070608 -330
20070610 -330
20070612 -329
20070614 -328
20070616 -325
20070618 -325
20070620 -325
20070622 -323
20070624 -320
20070626 -317
20070628 -317
20070630 -317
20070702 -315
20070704 -313
20070706 -309
20070708 -312
20070710 -310
20070712 -309
20070714 -310
20070716 -310
20070718 -309
20070720 -309
20070722 -308
20070724 -307
20070726 -307
20070728 -309
20070730 -304
20070801 -304
20070803 -308
20070805 -307
20070807 -310
20070809 -312
20070811 -314
20070813 -315
20070815 -315
20070817 -317
20070819 -317
20070821 -318
20070823 -320
20070825 -322
20070827 -322
20070829 -323
20070831 -323
20070902 -324
20070904 -325
20070906 -325
20070908 -325
20070910 -325
20070912 -327
20070914 -327
20070916 -327
20070918 -328
20070920 -328
20070922 -329
20070924 -327
20070926 -327
20070928 -326
20070930 -328
20071002 -331
20071004 -338
20071006 -338
20071008 -338
20071010 -337
20071012 -336
20071014 -336
20071016 -335
20071018 -337
20071020 -338
20071022 -337
20071024 -337
20071026 -337
20071028 -337
20071030 -337
20071101 -339
20071103 -337
20071105 -338
20071107 -338
20071109 -339
20071111 -337
20071113 -336
20071115 -337
20071117 -336
20071119 -334
20071121 -335
20071123 -337
20071125 -338
20071127 -340
20071129 -337
20071201 -337
20071203 -336
20071205 -335
20071207 -330
20071209 -327
20071211 -330
20071213 -331
20071215 -329
20071217 -329
20071219 -330
20071221 -329
20071223 -330
20071225 -329
20071227 -332
20071229 -331
20071231 -335
20080102 -333
20080104 -333
20080106 -324
20080108 -322
20080110 -321
20080112 -321
20080114 -317
20080116 -316
20080118 -317
20080120 -314
20080122 -314
20080124 -311
20080126 -311
20080128 -311
20080130 -311
20080201 -308
20080203 -309
20080205 -310
20080207 -328
20080209 -328
20080211 -328
20080213 -329
20080215 -330
20080217 -330
20080219 -328
20080221 -329
20080223 -331
20080225 -332
20080227 -332
20080229 -332
20080302 -333
20080304 -335
20080306 -335
20080308 -334
20080310 -331
20080312 -333
20080314 -334
20080316 -332
20080318 -341
20080320 -331
20080322 -328
20080324 -325
20080326 -324
20080328 -324
20080330 -324
20080401 -324
20080403 -326
20080405 -323
20080407 -324
20080409 -324
20080411 -325
20080413 -327
20080415 -329
20080417 -328
20080419 -329
20080421 -330
20080423 -332
20080425 -333
20080427 -332
20080429 -331
20080501 -333
20080503 -335
20080505 -335
20080508 -333
20080510 -335
20080512 -335
20080514 -335
20080516 -335
20080518 -335
20080520 -336
20080522 -336
20080524 -335
20080526 -336
20080528 -335
20080530 -336
20080601 -335
20080603 -335
20080605 -336
20080607 -336
20080609 -337
20080611 -337
20080613 -337
20080615 -336
20080617 -337
20080619 -337
20080621 -337
20080623 -339
20080625 -338
20080627 -338
20080629 -338
20080701 -338
20080703 -337
20080705 -338
20080707 -337
20080709 -337
20080711 -335
20080713 -334
20080715 -335
20080717 -333
20080719 -331
20080721 -331
20080723 -332
20080725 -330
20080727 -330
20080729 -330
20080731 -329
20080802 -328
20080804 -327
20080806 -327
20080808 -322
20080810 -319
20080812 -319
20080814 -321
20080816 -320
20080818 -320
20080820 -320
20080822 -320
20080824 -319
20080826 -321
20080828 -322
20080830 -321
20080901 -322
20080903 -322
20080905 -321
20080907 -322
20080909 -322
20080911 -322
20080913 -323
20080915 -323
20080917 -333
20080919 -333
20080921 -333
20080923 -333
20080925 -334
20080927 -334
20080929 -333
20081001 -331
20081003 -330
20081005 -327
20081007 -326
20081009 -327
20081011 -326
20081013 -325
20081015 -325
20081017 -327
20081019 -327
20081021 -326
20081023 -327
20081025 -328
20081027 -325
20081029 -324
20081031 -323
20081102 -325
20081104 -326
20081106 -325
20081108 -326
20081110 -326
20081112 -325
20081114 -323
20081116 -324
20081118 -322
20081120 -322
20081122 -323
20081124 -320
20081126 -321
20081128 -318
20081130 -318
20081202 -319
20081204 -315
20081206 -319
20081208 -319
20081210 -319
20081212 -320
20081214 -319
20081216 -322
20081218 -323
20081220 -324
20081222 -326
20081224 -326
20081226 -327
20081228 -327
20081230 -328
20090101 -329
20090103 -330
20090105 -331
20090107 -332
20090109 -334
20090111 -334
20090113 -335
20090115 -335
20090117 -337
20090119 -333
20090121 -338
20090123 -331
20090125 -333
20090127 -335
20090129 -335
20090131 -336
20090202 -336
20090204 -337
20090206 -337
20090208 -339
20090210 -338
20090212 -337
20090214 -339
20090216 -337
20090218 -337
20090220 -337
20090222 -336
20090224 -338
20090226 -337
20090228 -337
20090302 -339
20090304 -338
20090306 -341
20090308 -342
20090310 -342
20090312 -345
20090314 -344
20090316 -347
20090318 -347
20090320 -348
20090322 -348
20090324 -346
20090326 -345
20090328 -344
20090330 -346
20090401 -343
20090403 -343
20090405 -345
