452
2
date -9999
head -9999
19841214 -184
19850228 -208
19850314 -187
19850328 -182
19850415 -177
19850514 -189
19850528 -193
19850613 -197
19850627 -181
19850715 -227
19850730 -196
19850814 -215
19850828 -204
19850913 -213
19850927 -214
19851014 -207
19851028 -210
19851128 -178
19851213 -180
19860114 -175
19860128 -173
19860314 -191
19860414 -186
19860514 -200
19860529 -213
19860627 -225
19860714 -244
19860728 -234
19860828 -222
19860915 -218
19860929 -225
19861014 -229
19861028 -187
19861114 -193
19861201 -194
19861215 -191
19870128 -196
19870216 -195
19870302 -175
19870316 -208
19870327 -196
19870414 -204
19870428 -229
19870514 -228
19870527 -217
19870615 -190
19870629 -196
19870714 -228
19870728 -181
19870814 -182
19870828 -184
19870914 -195
19870928 -190
19871014 -193
19871028 -195
19871113 -188
19871127 -189
19871214 -195
19871228 -191
19880114 -191
19880212 -191
19880229 -195
19880314 -189
19880328 -191
19880414 -210
19880428 -220
19880513 -220
19880527 -231
19880614 -240
19880628 -245
19880714 -216
19880728 -221
19880815 -230
19880829 -204
19880914 -220
19880928 -184
19881014 -188
19881028 -201
19881114 -186
19881128 -192
19881214 -188
19881228 -188
19890113 -189
19890214 -189
19890228 -185
19890314 -195
19890328 -191
19890428 -197
19890516 -220
19890529 -238
19890614 -226
19890628 -236
19890714 -241
19890728 -258
19890814 -267
19890828 -244
19890914 -232
19890928 -246
19891013 -238
19891027 -236
19891114 -225
19891128 -224
19891214 -188
19891228 -198
19900115 -203
19900129 -196
19900215 -191
19900228 -195
19900314 -210
19900328 -213
19900413 -225
19900427 -219
19900515 -222
19900528 -225
19900614 -245
19900628 -243
19900713 -243
19900727 -266
19900914 -253
19900928 -225
19901015 -229
19901029 -209
19901128 -197
19901214 -195
19901228 -188
19910128 -208
19910214 -230
19910228 -196
19910314 -205
19910328 -220
19910415 -233
19910426 -231
19910514 -233
19910528 -237
19910614 -238
19910729 -222
19910814 -232
19910828 -245
19910913 -256
19910927 -240
19911014 -226
19911028 -219
19911114 -187
19911128 -200
19911213 -219
19911230 -202
19920114 -200
19920128 -217
19920214 -198
19920228 -209
19920313 -185
19920327 -186
19920414 -220
19920428 -214
19920514 -207
19920527 -230
19920615 -231
19920629 -251
19920714 -230
19920728 -252
19920814 -205
19920828 -220
19920914 -220
19920928 -226
19921014 -234
19921028 -179
19921113 -179
19921127 -183
19921214 -187
19921228 -202
19930114 -197
19930128 -196
19930215 -204
19930301 -195
19930315 -220
19930329 -227
19930414 -219
19930428 -222
19930514 -232
19930528 -233
19930614 -224
19930628 -235
19930714 -210
19930728 -182
19930813 -224
19930827 -226
19930914 -200
19930928 -179
19931014 -184
19931028 -198
19931129 -214
19931214 -185
19931228 -172
19940114 -188
19940128 -188
19940314 -199
19940328 -191
19940428 -208
19940517 -215
19940527 -218
19940614 -207
19940628 -230
19940714 -236
19940728 -241
19940815 -260
19940914 -214
19940928 -218
19941014 -217
19941114 -193
19941128 -198
19941214 -188
19950113 -192
19950130 -182
19950214 -182
19950228 -187
19950314 -203
19950315 -247
19950328 -194
19950418 -212
19950427 -212
19950515 -234
19950529 -231
19950614 -214
19950628 -235
19950713 -233
19950726 -244
19950814 -248
19950828 -271
19950914 -266
19950929 -227
19951014 -234
19951027 -238
19951114 -240
19951127 -232
19951214 -235
19951228 -208
19960116 -209
19960129 -222
19960213 -181
19960227 -188
19960314 -214
19960326 -212
19960411 -217
19960425 -230
19960514 -233
19960529 -230
19960603 -233
19960627 -254
19960715 -252
19960725 -254
19960813 -246
19960828 -251
19960913 -240
19960927 -247
19961014 -241
19961028 -234
19961114 -194
19961128 -190
19961212 -198
19961230 -223
19970113 -233
19970128 -221
19970213 -177
19970227 -200
19970313 -209
19970326 -198
19970414 -228
19970428 -229
19970514 -205
19970528 -213
19970616 -233
19970626 -232
19970715 -233
19970724 -224
19970818 -253
19970828 -246
19970911 -241
19970929 -249
19971014 -195
19971028 -224
19971114 -213
19971127 -205
19971215 -193
19980114 -201
19980128 -204
19980129 -182
19980216 -217
19980227 -209
19980326 -214
19980513 -215
19980528 -212
19980615 -189
19980629 -197
19980714 -211
19980728 -219
19980814 -237
19980827 -222
19980928 -196
19981113 -181
19981130 -187
19990112 -194
19990216 -199
19990315 -197
19990329 -193
19990414 -201
19990428 -211
19990518 -216
19990528 -215
19990614 -227
19990630 -241
19990714 -243
19990728 -263
19990830 -228
19990914 -239
19990928 -210
19991014 -210
19991028 -217
19991115 -205
19991130 -197
19991228 -183
20000114 -195
20000128 -192
20000214 -199
20000229 -183
20000314 -187
20000328 -187
20000413 -217
20000427 -215
20000515 -235
20000529 -194
20000614 -223
20000628 -235
20000713 -225
20000727 -226
20000814 -199
20000828 -239
20000914 -229
20000927 -224
20001016 -188
20010128 -188
20010214 -186
20010228 -189
20010628 -241
20010712 -235
20010726 -222
20010814 -214
20010827 -230
20011015 -200
20011029 -192
20020214 -179
20020314 -189
20020328 -196
20020415 -216
20020426 -218
20020513 -219
20020528 -226
20020613 -217
20020627 -226
20020715 -229
20020729 -238
20020814 -219
20020916 -215
20020926 -216
20021014 -223
20030228 -200
20030314 -201
20030327 -203
20030415 -219
20030428 -213
20030513 -198
20030514 -198
20030528 -192
20030613 -232
20030630 -241
20030714 -245
20030728 -257
20030814 -266
20030827 -246
20030929 -253
20031015 -231
20031028 -235
20031114 -233
20031128 -218
20031215 -224
20040127 -193
20040213 -195
20040227 -204
20040315 -207
20040329 -203
20040415 -218
20040428 -230
20040517 -235
20040528 -245
20040614 -243
20040628 -230
20040714 -227
20040728 -222
20040813 -238
20040914 -217
20040928 -195
20041014 -197
20041027 -201
20041214 -195
20050114 -181
20050128 -181
20050315 -196
20050329 -200
20050428 -195
20050513 -204
20050529 -206
20050614 -223
20050628 -229
20050714 -217
20050728 -222
20050829 -216
20050914 -217
20050928 -209
20051014 -219
20051115 -189
20051215 -187
20051228 -192
20060126 -190
20060214 -191
20060228 -190
20060314 -182
20060328 -183
20060413 -203
20060428 -217
20060512 -228
20060529 -200
20060614 -231
20060714 -250
20060728 -253
20060812 -225
20060913 -222
20060929 -225
20061013 -270
20061228 -185
20070115 -180
20070314 -184
20070328 -205
20070416 -225
20070427 -233
20070514 -214
20070529 -212
20070614 -197
20070815 -194
20070928 -179
20071015 -195
20071029 -203
20071128 -187
20071228 -199
