39
2
date -9999
head -9999
19710205 -415
19710228 -338
19710316 -366
19710330 -417
19710826 -391
19710928 -360
19711028 -397
19711203 -358
19711228 -361
19720229 -389
19720329 -359
19720502 -364
19720614 -362
19720715 -360
19720814 -360
19720915 -360
19721013 -359
19721128 -362
19721228 -360
19730129 -361
19730228 -362
19730328 -360
19730514 -362
19730727 -360
19730830 -362
19730928 -364
19731114 -360
19731229 -371
19740129 -361
19740302 -360
19740416 -361
19740514 -360
19740729 -384
19740828 -361
19740926 -361
19741030 -370
19741213 -360
19750128 -361
19750228 -361
