1016
2
date -9999
head -9999
19710205 -267
19710215 -267
19710301 -271
19710315 -273
19710329 -276
19710414 -276
19710428 -282
19710514 -278
19710528 -277
19710614 -274
19710628 -281
19710714 -283
19710728 -279
19710814 -277
19710828 -276
19710914 -281
19710928 -278
19711014 -279
19711028 -278
19711115 -277
19711129 -263
19711214 -262
19711228 -255
19720114 -256
19720128 -264
19720214 -262
19720228 -262
19720314 -262
19720328 -263
19720413 -257
19720428 -259
19720515 -261
19720529 -260
19720614 -264
19720629 -270
19720714 -263
19720728 -256
19720814 -268
19720828 -272
19720914 -276
19720928 -278
19721013 -277
19721027 -268
19721114 -254
19721128 -250
19721214 -255
19721228 -256
19730115 -257
19730129 -256
19730228 -241
19730314 -247
19730328 -252
19730413 -255
19730427 -254
19730514 -255
19730528 -255
19730614 -259
19730628 -258
19730713 -263
19730727 -261
19730814 -264
19730828 -268
19730914 -270
19730928 -261
19731015 -256
19731029 -246
19731114 -238
19731128 -245
19731214 -227
19731228 -238
19740114 -237
19740128 -237
19740214 -234
19740228 -242
19740328 -247
19740416 -250
19740429 -254
19740514 -257
19740528 -259
19740614 -255
19740628 -255
19740714 -253
19740729 -260
19740814 -256
19740828 -260
19740913 -254
19740927 -244
19741014 -235
19741028 -214
19741114 -225
19741128 -217
19741213 -214
19741228 -208
19750114 -222
19750128 -213
19750214 -233
19750228 -239
19750314 -234
19750328 -228
19750414 -229
19750428 -239
19750514 -245
19750528 -248
19750614 -244
19750628 -243
19750714 -237
19750728 -251
19750814 -257
19750828 -250
19750915 -257
19750929 -256
19751014 -250
19751028 -248
19751114 -262
19751128 -238
19751215 -246
19751229 -245
19760114 -233
19760128 -234
19760213 -230
19760227 -240
19760315 -245
19760329 -251
19760414 -250
19760428 -253
19760514 -252
19760528 -255
19760614 -272
19760628 -252
19760714 -251
19760728 -247
19760814 -253
19760828 -256
19760914 -247
19760928 -255
19761014 -253
19761028 -256
19761115 -261
19761129 -258
19761214 -252
19761228 -253
19770114 -227
19770128 -221
19770214 -233
19770228 -235
19770314 -250
19770329 -247
19770414 -250
19770428 -252
19770514 -249
19770527 -257
19770614 -253
19770628 -255
19770714 -257
19770728 -255
19770815 -246
19770829 -227
19770914 -247
19770928 -237
19771014 -254
19771028 -256
19771114 -227
19771128 -230
19771214 -237
19771228 -231
19780113 -228
19780127 -222
19780214 -230
19780228 -229
19780314 -232
19780328 -227
19780414 -233
19780428 -236
19780516 -237
19780529 -239
19780614 -241
19780628 -242
19780714 -237
19780728 -240
19780814 -237
19780828 -240
19780914 -242
19780928 -237
19781013 -242
19781027 -241
19781114 -243
19781128 -248
19781214 -219
19781228 -227
19790115 -227
19790129 -205
19790214 -214
19790228 -217
19790314 -217
19790328 -217
19790414 -223
19790502 -220
19790514 -220
19790528 -222
19790614 -222
19790629 -225
19790713 -228
19790913 -228
19790928 -237
19791015 -235
19791029 -241
19791114 -237
19791128 -235
19791214 -225
19791228 -221
19800114 -221
19800128 -223
19800214 -212
19800228 -224
19800314 -219
19800331 -219
19800414 -222
19800428 -229
19800514 -231
19800528 -234
19800613 -239
19800627 -237
19800814 -238
19800828 -237
19800915 -237
19800929 -236
19801014 -235
19801029 -231
19801114 -228
19801128 -227
19801215 -226
19801229 -223
19810114 -220
19810128 -218
19810213 -220
19810227 -221
19810313 -205
19810327 -212
19810414 -219
19810428 -227
19810514 -231
19810527 -224
19810616 -227
19810630 -229
19810714 -228
19810728 -229
19810814 -233
19810828 -239
19810914 -237
19810928 -238
19811014 -229
19811028 -214
19811113 -216
19811127 -212
19820128 -219
19820301 -227
19820329 -223
19820428 -233
19820528 -235
19820628 -231
19820728 -239
19820830 -237
19820928 -243
19821028 -232
19821129 -230
19821228 -228
19830128 -224
19830228 -223
19830328 -211
19830429 -203
19830527 -215
19830628 -227
19830829 -240
19830928 -242
19831028 -230
19831128 -206
19831228 -206
19840130 -199
19840228 -220
19840328 -222
19840413 -229
19840427 -232
19840514 -232
19840528 -232
19840614 -232
19840628 -237
19840713 -229
19840727 -242
19840814 -241
19840828 -242
19840914 -239
19840928 -213
19841015 -219
19841029 -219
19841114 -230
19841128 -218
19841217 -231
19850114 -231
19850128 -219
19850214 -235
19850228 -242
19850314 -236
19850328 -235
19850415 -212
19850429 -226
19850514 -222
19850528 -229
19850614 -231
19850628 -218
19850715 -232
19850729 -232
19850814 -230
19850829 -229
19850914 -232
19850927 -233
19851014 -234
19851028 -237
19851115 -215
19851128 -227
19851213 -222
19860114 -198
19860128 -209
19860217 -225
19860303 -235
19860314 -233
19860415 -223
19860514 -217
19860528 -224
19860630 -232
19860714 -235
19860728 -230
19860828 -223
19861015 -235
19861028 -214
19861117 -221
19861201 -214
19870226 -234
19870428 -218
19870827 -221
19871014 -206
19871214 -219
19880428 -223
19880829 -226
19881014 -213
19881214 -225
19890428 -221
19890828 -230
19891014 -231
19891214 -203
19900427 -228
19900828 -226
19901015 -227
19901214 -225
19910429 -233
19910828 -230
19911015 -229
19911213 -228
19920428 -228
19920828 -220
19921013 -230
19921215 -208
19930714 -228
19930728 -222
19930814 -232
19930828 -231
19930915 -233
19930928 -213
19931014 -218
19931028 -229
19931116 -211
19931215 -217
19931228 -215
19940114 -214
19940125 -213
19940228 -226
19940314 -237
19940329 -228
19940414 -224
19940427 -234
19940513 -234
19940528 -236
19940614 -236
19940629 -243
19940711 -236
19940714 -244
19940728 -246
19940815 -247
19940829 -250
19940914 -236
19940928 -234
19941014 -229
19941029 -222
19941114 -226
19941128 -232
19941216 -229
19941228 -196
19950114 -215
19950128 -214
19950214 -220
19950228 -223
19950314 -222
19950329 -232
19950413 -233
19950428 -235
19950515 -233
19950529 -233
19950614 -232
19950628 -233
19950714 -237
19950728 -239
19950814 -248
19950828 -247
19950914 -248
19950928 -236
19951014 -243
19951023 -246
19951115 -249
19951130 -251
19951215 -252
19951228 -244
19960115 -248
19960127 -252
19960228 -239
19960315 -247
19960328 -247
19960415 -245
19960430 -241
19960514 -241
19960531 -240
19960617 -247
19960628 -245
19960715 -244
19960729 -241
19960814 -234
19960830 -235
19960914 -241
19960927 -242
19961015 -237
19961028 -237
19961114 -224
19961203 -222
19961214 -234
19970214 -214
19970228 -229
19970314 -233
19970328 -234
19970416 -239
19970428 -234
19970514 -232
19970528 -228
19970614 -233
19970628 -231
19970716 -232
19970729 -224
19970816 -235
19970829 -235
19970915 -239
19970929 -245
19971013 -234
19971027 -238
19971114 -242
19971128 -241
19971215 -229
19971229 -221
19980113 -224
19980128 -221
19980211 -221
19980225 -224
19980313 -204
19980327 -214
19980410 -213
19980424 -218
19980508 -221
19980522 -224
19980615 -218
19980629 -217
19980714 -222
19980728 -226
19980814 -227
19980828 -227
19980914 -202
19980928 -214
19981014 -217
19981028 -208
19981113 -201
19981128 -215
19981214 -206
19981228 -212
19990114 -212
19990128 -209
19990214 -216
19990301 -200
19990315 -216
19990329 -219
19990414 -219
19990428 -222
19990514 -225
19990529 -230
19990614 -232
19990628 -235
19990714 -234
19990728 -236
19990813 -233
19990827 -224
19990914 -229
19990928 -229
19991010 -229
19991014 -229
19991028 -232
19991116 -227
19991130 -229
19991214 -194
19991228 -201
20000114 -214
20000128 -224
20000214 -222
20000228 -203
20000314 -217
20000328 -220
20000414 -230
20000428 -228
20000514 -229
20000529 -222
20000614 -226
20000628 -232
20000714 -223
20000728 -229
20000814 -232
20000828 -235
20000914 -236
20000928 -234
20001013 -232
20001027 -229
20001114 -208
20001128 -212
20001214 -216
20001228 -222
20010127 -224
20010214 -224
20010228 -220
20010314 -228
20010514 -231
20010528 -233
20010614 -233
20010628 -237
20010713 -238
20010727 -241
20010814 -233
20010830 -238
20010914 -220
20010924 -207
20011015 -222
20011027 -225
20011114 -223
20011128 -220
20011214 -222
20011228 -203
20020114 -224
20020128 -204
20020214 -208
20020228 -199
20020314 -221
20020328 -224
20020415 -229
20020429 -226
20020514 -234
20020528 -232
20020614 -236
20020628 -234
20020715 -233
20020729 -234
20020814 -223
20020828 -208
20020913 -227
20020927 -225
20021014 -230
20021028 -219
20021114 -222
20021128 -225
20021228 -208
20030114 -222
20030128 -214
20030214 -225
20030228 -229
20030314 -231
20030328 -233
20030414 -232
20030428 -234
20030514 -231
20030528 -228
20030614 -233
20030628 -236
20030714 -238
20030728 -241
20030814 -245
20030828 -245
20030914 -242
20030928 -237
20031014 -236
20031028 -235
20031115 -241
20031129 -235
20031213 -229
20031229 -216
20040114 -216
20040128 -217
20040214 -212
20040228 -218
20040313 -222
20040329 -226
20040414 -228
20040428 -230
20040514 -232
20040528 -236
20040614 -234
20040629 -233
20040714 -231
20040728 -231
20040816 -224
20040828 -209
20040914 -229
20040928 -230
20041014 -234
20041029 -234
20041115 -232
20041127 -222
20041214 -232
20041229 -217
20050114 -225
20050128 -221
20050214 -212
20050228 -222
20050314 -225
20050326 -227
20050414 -228
20050428 -227
20050513 -227
20050527 -229
20050614 -229
20050628 -234
20050714 -230
20050728 -233
20050815 -230
20050829 -233
20050914 -231
20050929 -234
20051014 -234
20051028 -232
20051114 -237
20051128 -206
20051214 -229
20051229 -232
20060114 -231
20060128 -233
20060214 -219
20060228 -233
20060314 -225
20060328 -223
20060414 -231
20060428 -235
20060515 -236
20060529 -232
20060614 -238
20060628 -239
20060714 -245
20060728 -248
20060729 -303
20060814 -218
20060828 -214
20060914 -232
20060928 -235
20061014 -232
20061028 -231
20061114 -219
20061128 -220
20061214 -221
20061228 -219
20070114 -219
20070128 -220
20070214 -220
20070228 -207
20070314 -213
20070328 -220
20070414 -230
20070428 -231
20070514 -228
20070528 -231
20070619 -220
20070621 -226
20070623 -217
20070625 -215
20070627 -213
20070629 -218
20070701 -215
20070703 -211
20070704 -208
20070706 -210
20070708 -223
20070710 -204
20070712 -215
20070714 -224
20070716 -228
20070718 -225
20070720 -230
20070722 -223
20070724 -216
20070726 -225
20070728 -221
20070730 -215
20070801 -224
20070803 -231
20070805 -232
20070807 -235
20070809 -237
20070811 -239
20070813 -240
20070815 -240
20070817 -240
20070819 -241
20070821 -243
20070823 -243
20070825 -245
20070827 -244
20070829 -246
20070831 -247
20070902 -248
20070904 -246
20070906 -247
20070908 -247
20070910 -247
20070912 -249
20070914 -249
20070916 -248
20070918 -247
20070920 -248
20070922 -247
20070924 -247
20070926 -243
20070928 -241
20070930 -243
20071002 -230
20071004 -230
20071006 -232
20071008 -232
20071010 -233
20071012 -234
20071014 -235
20071016 -235
20071018 -237
20071020 -238
20071022 -238
20071024 -239
20071026 -239
20071028 -240
20071030 -240
20071101 -241
20071103 -241
20071105 -242
20071107 -240
20071109 -239
20071111 -235
20071113 -234
20071115 -233
20071117 -235
20071119 -235
20071121 -237
20071123 -239
20071125 -239
20071127 -240
20071129 -238
20071201 -231
20071203 -223
20071205 -225
20071207 -211
20071209 -212
20071211 -219
20071213 -224
20071215 -226
20071217 -229
20071219 -232
20071221 -233
20071223 -234
20071225 -234
20071227 -234
20071229 -235
20071231 -236
20080102 -236
20080104 -235
20080106 -235
20080108 -235
20080110 -235
20080112 -223
20080114 -225
20080116 -224
20080118 -227
20080120 -216
20080122 -216
20080124 -220
20080126 -224
20080128 -226
20080130 -228
20080201 -227
20080203 -221
20080205 -225
20080207 -226
20080209 -227
20080211 -229
20080213 -231
20080215 -233
20080217 -234
20080219 -233
20080221 -234
20080223 -235
20080225 -234
20080227 -232
20080229 -231
20080302 -234
20080304 -236
20080306 -236
20080308 -236
20080310 -230
20080312 -229
20080314 -232
20080316 -227
20080318 -226
20080320 -228
20080322 -213
20080324 -217
20080326 -217
20080328 -221
20080330 -222
20080401 -225
20080403 -228
20080405 -226
20080407 -225
20080409 -227
20080411 -230
20080413 -232
20080415 -233
20080417 -233
20080419 -235
20080421 -235
20080423 -237
20080425 -237
20080427 -235
20080429 -233
20080501 -236
20080503 -237
20080505 -237
20080508 -235
20080510 -237
20080512 -238
20080514 -238
20080516 -233
20080518 -234
20080520 -236
20080522 -238
20080524 -238
20080526 -238
20080528 -238
20080530 -239
20080601 -239
20080603 -239
20080605 -239
20080607 -240
20080609 -240
20080611 -242
20080613 -242
20080615 -241
20080617 -243
20080619 -242
20080621 -243
20080623 -244
20080625 -244
20080627 -245
20080629 -245
20080701 -246
20080703 -244
20080705 -245
20080707 -244
20080709 -241
20080711 -237
20080713 -237
20080715 -238
20080717 -237
20080719 -234
20080721 -233
20080723 -234
20080725 -238
20080727 -239
20080729 -236
20080731 -236
20080802 -235
20080804 -230
20080806 -231
20080808 -221
20080810 -223
20080812 -225
20080814 -226
20080816 -229
20080818 -228
20080820 -223
20080822 -223
20080824 -221
20080826 -226
20080828 -228
20080830 -230
20080901 -231
20080903 -230
20080905 -231
20080907 -231
20080909 -230
20080911 -231
20080913 -226
20080915 -229
20080917 -230
20080919 -231
20080921 -232
20080923 -232
20080925 -233
20080927 -234
20080929 -233
20081001 -225
20081003 -213
20081005 -213
20081007 -214
20081009 -221
20081011 -224
20081013 -226
20081015 -227
20081017 -225
20081019 -226
20081021 -227
20081023 -228
20081025 -229
20081027 -218
20081029 -218
20081031 -222
20081102 -225
20081104 -227
20081106 -227
20081108 -229
20081110 -228
20081112 -214
20081114 -218
20081116 -222
20081118 -223
20081120 -226
20081122 -224
20081124 -210
20081126 -216
20081128 -219
20081130 -221
20081202 -216
20081204 -206
20081206 -212
20081208 -214
20081210 -214
20081212 -213
20081214 -216
20081216 -219
20081218 -220
20081220 -218
20081222 -221
20081224 -223
20081226 -227
20081228 -228
20081230 -229
20090101 -231
20090103 -232
20090105 -231
20090107 -232
20090109 -234
20090111 -234
20090113 -233
20090115 -233
20090117 -234
20090119 -226
20090121 -228
20090123 -214
20090125 -215
20090127 -222
20090129 -226
20090131 -228
20090202 -229
20090204 -231
20090206 -231
20090208 -231
20090210 -218
20090212 -217
20090214 -222
20090216 -222
20090218 -219
20090220 -222
20090222 -224
20090224 -227
20090226 -228
20090228 -228
20090302 -230
20090304 -229
20090306 -232
20090308 -231
20090310 -230
20090312 -230
20090314 -231
20090316 -232
20090318 -232
20090320 -232
20090322 -232
20090324 -232
20090326 -224
20090328 -217
20090330 -222
20090401 -225
20090403 -227
20090405 -228
