49
2
date -9999
head -9999
19530428 -172
19530828 -172
19531013 -170
19531215 -163
19540428 -178
19540828 -156
19541015 -158
19541214 -161
19550427 -175
19550830 -178
19551014 -170
19560321 -171
19560328 -171
19560414 -168
19560428 -171
19560514 -171
19560528 -170
19560614 -173
19560628 -178
19560714 -175
19560728 -173
19560814 -168
19560828 -149
19560914 -158
19560928 -165
19561015 -161
19561029 -159
19561114 -161
19561128 -153
19561214 -153
19561228 -164
19570114 -157
19570128 -159
19570214 -146
19570228 -157
19570314 -161
19570328 -157
19570415 -167
19570429 -170
19570514 -171
19570528 -171
19570614 -173
19570701 -176
19570715 -169
19570729 -166
19570814 -169
19570828 -157
19570914 -124
19570928 -143
