39
2
date -9999
head -9999
19710205 -423
19710228 -301
19710316 -421
19710330 -364
19710826 -399
19710928 -402
19711028 -403
19711203 -364
19711228 -362
19720229 -364
19720329 -390
19720502 -364
19720614 -364
19720715 -392
19720814 -364
19720915 -366
19721013 -366
19721128 -382
19721228 -366
19730129 -366
19730228 -368
19730328 -390
19730514 -389
19730727 -365
19730830 -364
19730928 -365
19731114 -382
19731229 -378
19740129 -367
19740302 -366
19740416 -363
19740514 -367
19740729 -366
19740828 -364
19740926 -391
19741030 -376
19741213 -365
19750128 -366
19750228 -386
