39
2
date -9999
head -9999
19710205 -424
19710228 -356
19710316 -352
19710330 -352
19710826 -401
19710928 -351
19711028 -401
19711203 -353
19711228 -407
19720229 -395
19720329 -393
19720502 -353
19720614 -354
19720715 -352
19720814 -387
19720915 -352
19721013 -351
19721128 -353
19721228 -353
19730129 -354
19730228 -353
19730328 -351
19730514 -353
19730727 -394
19730830 -391
19730928 -385
19731114 -385
19731229 -375
19740129 -353
19740302 -352
19740416 -352
19740514 -392
19740729 -354
19740828 -393
19740926 -353
19741030 -368
19741213 -366
19750128 -359
19750228 -381
