431
2
date -9999
head -9999
19841214 -186
19850228 -210
19850314 -189
19850328 -184
19850415 -179
19850514 -191
19850528 -195
19850613 -199
19850627 -183
19850715 -227
19850730 -198
19850814 -219
19850828 -203
19850913 -213
19850927 -214
19851014 -207
19851028 -210
19851128 -178
19851213 -180
19860114 -176
19860128 -175
19860314 -192
19860414 -188
19860514 -200
19860529 -212
19860627 -231
19860714 -242
19860728 -232
19860828 -214
19860915 -215
19860929 -222
19861014 -227
19861028 -184
19861114 -192
19861201 -193
19861215 -190
19870128 -195
19870216 -191
19870316 -205
19870327 -192
19870414 -195
19870428 -225
19870514 -224
19870527 -213
19870615 -188
19870629 -191
19870714 -225
19870728 -180
19870814 -187
19870828 -182
19870914 -192
19870928 -189
19871014 -190
19871028 -194
19871113 -186
19871127 -191
19871214 -194
19871228 -189
19880114 -192
19880212 -190
19880229 -193
19880314 -190
19880328 -190
19880414 -209
19880428 -217
19880513 -216
19880527 -226
19880614 -231
19880628 -237
19880714 -213
19880728 -215
19880815 -226
19880829 -201
19880914 -218
19880928 -178
19881014 -184
19881028 -198
19881128 -191
19881214 -179
19890328 -189
19890428 -194
19890516 -216
19890529 -233
19890614 -222
19890628 -231
19890714 -232
19890728 -243
19890814 -246
19890828 -234
19890914 -226
19890928 -236
19891013 -231
19891027 -231
19891114 -222
19891128 -221
19891214 -186
19891228 -197
19900115 -201
19900129 -195
19900215 -183
19900228 -192
19900314 -208
19900328 -211
19900413 -221
19900427 -215
19900515 -220
19900528 -223
19900614 -235
19900628 -235
19900713 -233
19900727 -252
19900914 -238
19900928 -223
19901015 -226
19901029 -207
19901128 -195
19901214 -192
19901228 -183
19910128 -207
19910214 -228
19910228 -196
19910314 -204
19910328 -218
19910415 -231
19910426 -229
19910514 -231
19910528 -234
19910614 -235
19910729 -219
19910814 -230
19910828 -240
19910913 -248
19910927 -235
19911014 -223
19911028 -210
19911114 -185
19911128 -199
19911213 -218
19911230 -201
19920114 -198
19920128 -217
19920214 -197
19920228 -207
19920313 -183
19920327 -184
19920414 -217
19920428 -211
19920514 -204
19920527 -229
19920615 -228
19920629 -249
19920714 -227
19920728 -246
19920814 -204
19920828 -218
19920914 -217
19920928 -222
19921014 -231
19921028 -176
19921113 -178
19921127 -181
19921214 -185
19921228 -200
19930114 -191
19930128 -193
19930215 -202
19930301 -193
19930315 -216
19930329 -224
19930414 -215
19930428 -219
19930514 -230
19930528 -228
19930614 -227
19930628 -232
19930714 -211
19930728 -178
19930813 -221
19930827 -224
19930914 -199
19931028 -195
19931129 -211
19931214 -170
19940114 -170
19940314 -196
19940328 -189
19940428 -206
19940517 -216
19940527 -214
19940614 -206
19940628 -227
19940714 -233
19940728 -236
19940815 -251
19940914 -210
19940928 -216
19941014 -214
19941114 -190
19941128 -197
19941214 -185
19950113 -191
19950228 -184
19950314 -198
19950315 -240
19950328 -190
19950418 -207
19950427 -213
19950515 -230
19950529 -226
19950614 -213
19950628 -231
19950713 -230
19950726 -238
19950814 -241
19950828 -259
19950914 -251
19950929 -222
19951014 -230
19951027 -234
19951114 -236
19951127 -228
19951214 -232
19951228 -208
19960116 -208
19960129 -222
19960227 -193
19960314 -212
19960326 -211
19960411 -217
19960425 -228
19960514 -232
19960529 -228
19960603 -232
19960627 -244
19960715 -241
19960725 -243
19960813 -238
19960828 -240
19960913 -233
19960927 -240
19961014 -239
19961028 -233
19961114 -191
19961128 -187
19961212 -198
19961230 -216
19970113 -233
19970227 -198
19970313 -211
19970326 -200
19970414 -225
19970428 -227
19970514 -207
19970528 -210
19970616 -231
19970626 -230
19970715 -230
19970724 -222
19970818 -247
19970828 -243
19970911 -237
19970929 -243
19971014 -198
19971028 -226
19971114 -226
19971127 -207
19971215 -193
19980114 -200
19980128 -205
19980129 -181
19980216 -214
19980227 -210
19980326 -215
19980513 -215
19980528 -209
19980615 -190
19980629 -194
19980714 -209
19980728 -217
19980814 -234
19980827 -221
19980928 -203
19990112 -192
19990216 -196
19990315 -197
19990329 -192
19990414 -201
19990428 -209
19990518 -214
19990528 -215
19990614 -224
19990630 -239
19990714 -240
19990728 -254
19990830 -224
19990914 -234
19990928 -210
19991014 -209
19991028 -216
19991115 -206
19991130 -190
19991228 -185
20000114 -195
20000128 -199
20000214 -206
20000229 -182
20000314 -189
20000328 -191
20000413 -217
20000427 -215
20000515 -234
20000529 -203
20000614 -219
20000628 -227
20000713 -222
20000727 -225
20000814 -206
20000828 -239
20000914 -231
20000927 -225
20001016 -194
20010128 -190
20010214 -189
20010628 -231
20010712 -235
20010726 -224
20010814 -216
20010827 -230
20011015 -198
20011029 -199
20020314 -183
20020328 -191
20020415 -222
20020426 -211
20020513 -213
20020528 -224
20020613 -221
20020627 -224
20020715 -226
20020729 -237
20020814 -220
20020916 -210
20020926 -211
20021014 -223
20030228 -206
20030314 -206
20030327 -206
20030415 -220
20030428 -214
20030513 -212
20030514 -212
20030528 -198
20030613 -228
20030630 -235
20030714 -240
20030728 -252
20030814 -244
20030827 -244
20030929 -245
20031015 -235
20031028 -237
20031114 -226
20031128 -222
20040127 -194
20040213 -199
20040227 -206
20040315 -210
20040329 -206
20040415 -222
20040428 -232
20040517 -237
20040528 -247
20040614 -245
20040628 -233
20040714 -238
20040728 -224
20040813 -232
20040914 -219
20040928 -200
20041014 -206
20041027 -204
20041214 -204
20050114 -188
20050128 -187
20050315 -203
20050329 -206
20050428 -203
20050513 -210
20050529 -209
20050614 -224
20050628 -233
20050714 -218
20050728 -224
20050829 -220
20050914 -219
20050928 -216
20051014 -222
20051115 -193
20051215 -192
20051228 -195
20060126 -195
20060214 -197
20060228 -195
20060314 -191
20060328 -192
20060413 -208
20060428 -220
20060512 -229
20060529 -206
20060614 -233
20060714 -251
20060728 -249
20060812 -229
20060913 -217
20060929 -219
20061013 -270
20061228 -190
20070115 -190
20070314 -188
20070328 -210
20070416 -225
20070427 -233
20070514 -212
20070529 -215
20070614 -202
20070815 -202
20070928 -183
20071015 -199
20071029 -208
20071128 -192
20071228 -202
