755
2
date -9999
head -9999
19720605 -242
19720728 -241
19720828 -241
19720914 -246
19720928 -241
19721030 -235
19721114 -234
19721128 -232
19721214 -231
19730115 -239
19730129 -237
19730215 -230
19730315 -235
19730328 -239
19730415 -237
19730514 -243
19730529 -240
19730614 -236
19730628 -238
19730728 -233
19730814 -236
19730828 -239
19730914 -236
19730928 -241
19731028 -233
19731114 -229
19731128 -229
19731228 -232
19740729 -244
19740814 -249
19740916 -241
19740930 -236
19741015 -230
19741028 -224
19741115 -224
19741216 -221
19741230 -227
19750128 -223
19750218 -232
19750327 -233
19750414 -230
19750428 -235
19750613 -250
19750714 -249
19750728 -251
19750818 -243
19750916 -246
19751002 -243
19751028 -248
19751117 -240
19751201 -234
19751215 -236
19751229 -236
19760116 -231
19760209 -235
19760217 -231
19760302 -237
19760315 -236
19760329 -234
19760413 -244
19760427 -245
19760609 -249
19760617 -253
19760629 -255
19760716 -258
19760728 -253
19760813 -251
19760827 -253
19760914 -243
19760928 -244
19761014 -245
19761028 -244
19761116 -249
19761129 -253
19761214 -234
19761228 -233
19770128 -227
19770228 -231
19770314 -243
19770329 -241
19770414 -239
19770429 -239
19770513 -244
19770601 -253
19770614 -245
19770628 -250
19770728 -244
19770815 -246
19770829 -237
19770914 -246
19770928 -254
19771014 -244
19771028 -244
19771129 -229
19771214 -235
19780114 -231
19780130 -227
19780314 -236
19780329 -239
19780427 -246
19780516 -245
19780531 -244
19780615 -250
19780704 -239
19780714 -236
19780728 -248
19780828 -248
19780914 -246
19781012 -243
19781024 -241
19781114 -243
19781128 -244
19781214 -232
19790116 -236
19790424 -232
19790514 -240
19790528 -240
19790615 -233
19790716 -246
19790730 -246
19790814 -249
19790827 -246
19790924 -253
19791015 -250
19791030 -250
19791114 -239
19791129 -240
19800123 -234
19800214 -236
19800228 -239
19800402 -241
19800414 -239
19800428 -245
19800514 -253
19800528 -255
19800613 -257
19800627 -249
19800711 -241
19800805 -246
19800829 -246
19800929 -252
19801014 -246
19801028 -243
19801114 -242
19801212 -233
19810128 -232
19810213 -236
19810303 -243
19810316 -224
19810327 -231
19810414 -242
19810428 -248
19810514 -248
19810527 -246
19810616 -246
19810630 -249
19810714 -252
19810728 -245
19810828 -251
19810914 -250
19810929 -246
19811014 -234
19811113 -231
19811127 -234
19820106 -231
19820128 -242
19820301 -247
19820315 -237
19820329 -241
19820415 -251
19820428 -251
19820514 -251
19820602 -254
19820614 -256
19820629 -247
19820714 -253
19820728 -254
19820813 -257
19820831 -253
19820915 -257
19820928 -255
19821028 -243
19821126 -236
19821214 -237
19830114 -238
19830126 -238
19830214 -235
19830314 -243
19830328 -238
19830414 -237
19830516 -238
19830527 -236
19830613 -245
19830628 -250
19830812 -255
19830829 -259
19830914 -255
19831014 -251
19831028 -249
19831129 -242
19831214 -234
19831228 -231
19840113 -237
19840131 -231
19840216 -236
19840228 -241
19840313 -238
19840328 -244
19840413 -244
19840427 -250
19840514 -253
19840528 -250
19840614 -243
19840628 -250
19840713 -246
19840727 -245
19840814 -249
19840828 -255
19840914 -247
19841002 -237
19841015 -237
19841029 -235
19841114 -250
19841128 -244
19841214 -250
19850114 -238
19850128 -246
19850214 -248
19850228 -258
19850314 -252
19850328 -253
19850415 -249
19850429 -253
19850514 -256
19850528 -258
19850613 -256
19850627 -249
19850715 -258
19850730 -254
19850814 -247
19850828 -251
19850913 -255
19850927 -255
19851014 -257
19851028 -259
19851128 -249
19851213 -247
19860114 -239
19860128 -238
19860214 -250
19860303 -259
19860314 -257
19860414 -253
19860514 -255
19860529 -261
19860627 -265
19860714 -267
19860728 -264
19860828 -258
19860915 -259
19860929 -260
19861014 -257
19861028 -249
19861114 -252
19861201 -246
19861215 -248
19870128 -250
19870216 -248
19870302 -250
19870316 -249
19870327 -244
19870414 -251
19870428 -257
19870514 -258
19870527 -255
19870615 -254
19870629 -251
19870714 -262
19870728 -250
19870814 -247
19870828 -247
19870914 -250
19870928 -249
19871014 -248
19871028 -250
19871113 -249
19871127 -243
19871214 -250
19871228 -249
19880114 -241
19880128 -241
19880212 -236
19880229 -251
19880314 -247
19880328 -245
19880414 -252
19880428 -257
19880513 -258
19880527 -260
19880614 -259
19880628 -263
19880714 -255
19880728 -254
19880815 -260
19880829 -254
19880914 -246
19880928 -253
19881014 -247
19881028 -251
19881114 -255
19881128 -253
19881214 -248
19881228 -246
19890113 -249
19890127 -254
19890214 -257
19890228 -252
19890314 -257
19890328 -247
19890414 -251
19890428 -248
19890516 -258
19890529 -264
19890614 -263
19890628 -262
19890714 -260
19890728 -264
19890814 -265
19890828 -267
19890914 -262
19890928 -258
19891013 -259
19891027 -256
19891114 -258
19891128 -259
19891214 -253
19891228 -246
19900115 -255
19900129 -249
19900215 -247
19900228 -246
19900314 -250
19900328 -256
19900413 -260
19900427 -259
19900515 -262
19900528 -267
19900614 -267
19900628 -264
19900713 -263
19900727 -267
19900914 -259
19900928 -254
19901015 -254
19901029 -255
19901128 -243
19901214 -249
19901228 -247
19910128 -251
19910214 -256
19910228 -255
19910314 -252
19910328 -256
19910415 -266
19910426 -264
19910514 -265
19910528 -267
19910614 -265
19910628 -250
19910715 -254
19910729 -259
19910814 -266
19910828 -268
19910913 -269
19910927 -260
19911014 -257
19911028 -257
19911114 -243
19911128 -246
19911213 -254
19911230 -249
19920114 -250
19920128 -254
19920214 -253
19920228 -257
19920313 -260
19920327 -252
19920414 -262
19920428 -264
19920514 -258
19920527 -263
19920615 -262
19920629 -267
19920714 -268
19920728 -267
19920814 -261
19920828 -252
19920914 -251
19920928 -258
19921014 -261
19921028 -244
19921113 -246
19921127 -240
19921214 -241
19921228 -248
19930114 -246
19930128 -249
19930215 -252
19930301 -251
19930315 -259
19930329 -264
19930414 -262
19930428 -260
19930514 -268
19930528 -264
19930614 -264
19930628 -265
19930714 -264
19930728 -248
19930813 -255
19930827 -256
19930914 -255
19930928 -251
19931014 -247
19931028 -249
19931115 -248
19931129 -250
19931214 -245
19931228 -243
19940114 -245
19940128 -241
19940228 -252
19940314 -252
19940328 -252
19940517 -256
19940527 -258
19940530 -262
19940614 -257
19940628 -260
19940714 -264
19940728 -264
19940815 -265
19940914 -256
19940928 -255
19941014 -250
19941114 -249
19941128 -254
19941214 -247
19941228 -245
19950113 -240
19950130 -240
19950214 -241
19950228 -244
19950314 -244
19950328 -249
19950418 -254
19950427 -259
19950515 -263
19950529 -260
19950614 -257
19950628 -263
19950713 -261
19950726 -262
19950814 -270
19950828 -268
19950914 -264
19950929 -257
19951014 -259
19951027 -261
19951114 -262
19951127 -262
19951214 -264
19960116 -259
19960129 -260
19960213 -260
19960227 -252
19960314 -254
19960326 -257
19960411 -261
19960425 -264
19960514 -263
19960529 -261
19960603 -263
19960627 -266
19960715 -264
19960725 -263
19960813 -263
19960828 -259
19960913 -256
19960927 -259
19961014 -256
19961028 -254
19961114 -247
19961128 -244
19961212 -249
19961230 -250
19970113 -260
19970128 -261
19970213 -251
19970227 -250
19970313 -254
19970326 -255
19970414 -260
19970428 -262
19970514 -257
19970528 -252
19970616 -259
19970626 -256
19970715 -256
19970724 -254
19970818 -260
19970828 -258
19970911 -258
19970929 -260
19971014 -254
19971028 -255
19971114 -256
19971127 -259
19971215 -253
19971229 -250
19980114 -261
19980128 -248
19980129 -250
19980216 -257
19980227 -256
19980313 -244
19980326 -251
19980414 -252
19980428 -250
19980513 -260
19980528 -252
19980615 -250
19980629 -251
19980714 -253
19980728 -256
19980814 -261
19980827 -255
19980914 -248
19980928 -251
19981013 -253
19981028 -244
19981113 -243
19981130 -249
19981215 -247
19981228 -244
19990112 -246
19990127 -247
19990216 -250
19990301 -245
19990315 -250
19990329 -252
19990414 -254
19990428 -256
19990518 -261
19990528 -263
19990614 -261
19990630 -262
19990714 -264
19990728 -268
19990830 -258
19990914 -263
19990928 -259
19991014 -256
19991028 -259
19991115 -255
19991130 -253
19991214 -247
19991228 -243
20000114 -249
20000128 -251
20000214 -254
20000229 -289
20000314 -247
20000328 -253
20000413 -258
20000427 -259
20000515 -263
20000529 -256
20000614 -254
20000628 -262
20000713 -259
20000727 -258
20000814 -261
20000828 -263
20000914 -263
20000927 -258
20000930 -258
20001016 -256
20001030 -253
20001113 -246
20001214 -248
20001228 -248
20010115 -250
20010128 -251
20010214 -250
20010228 -249
20010314 -253
20010328 -251
20010426 -253
20010514 -259
20010528 -260
20010614 -263
20010628 -263
20010712 -265
20010726 -264
20010814 -256
20010827 -258
20010913 -251
20010927 -241
20011015 -252
20011029 -254
20011114 -253
20011128 -256
20011213 -252
20011227 -252
20020114 -251
20020128 -246
20020214 -246
20020227 -247
20020314 -251
20020328 -258
20020415 -261
20020426 -264
20020513 -259
20020528 -260
20020613 -260
20020627 -260
20020715 -259
20020729 -262
20020814 -258
20020916 -259
20020926 -257
20021014 -258
20021028 -256
20021114 -248
20021128 -253
20021216 -256
20021230 -248
20030114 -253
20030128 -257
20030215 -253
20030228 -256
20030314 -258
20030327 -260
20030415 -263
20030428 -260
20030513 -260
20030514 -260
20030528 -258
20030613 -260
20030630 -263
20030714 -264
20030728 -264
20030814 -266
20030827 -260
20030929 -257
20031015 -256
20031028 -255
20031114 -257
20031128 -253
20031215 -251
20040113 -246
20040127 -244
20040213 -245
20040227 -245
20040315 -248
20040329 -250
20040415 -256
20040428 -260
20040517 -264
20040528 -262
20040614 -262
20040628 -258
20040714 -256
20040728 -250
20040813 -259
20040830 -256
20040914 -251
20040928 -251
20041014 -255
20041027 -255
20041115 -254
20041129 -247
20041214 -252
20041228 -250
20041229 -247
20050114 -248
20050128 -248
20050214 -245
20050228 -247
20050315 -250
20050329 -254
20050414 -256
20050428 -255
20050513 -259
20050529 -258
20050614 -254
20050628 -259
20050714 -248
20050728 -252
20050812 -249
20050829 -254
20050914 -253
20050928 -251
20051014 -252
20051028 -252
20051115 -253
20051128 -247
20051215 -247
20051228 -246
20060116 -250
20060126 -252
20060214 -253
20060228 -252
20060314 -248
20060328 -250
20060413 -254
20060428 -257
20060512 -260
20060529 -256
20060614 -258
20060714 -264
20060728 -264
20060812 -256
20060828 -248
20060913 -251
20060929 -257
20061013 -252
20061027 -250
20061114 -248
20061128 -243
20061214 -242
20061228 -245
20070115 -244
20070129 -243
20070214 -243
20070228 -243
20070314 -243
20070328 -256
20070416 -259
20070427 -258
20070514 -253
20070529 -253
20070614 -251
20070629 -242
20070713 -241
20070727 -241
20070815 -248
20070928 -250
20071015 -253
20071029 -255
20071114 -253
20071128 -254
20071214 -248
20071228 -250
