99
2
date -9999
head -9999
19910529 -214
19910614 -214
19910628 -204
19910714 -201
19910728 -206
19910816 -210
19910828 -215
19910929 -211
19911014 -210
19911028 -208
19911114 -194
19911128 -196
19911214 -202
19911228 -199
19920128 -200
19920215 -201
19920228 -204
19920314 -199
19920328 -198
19920414 -200
19920429 -202
19920515 -205
19920529 -210
19920614 -210
19920629 -215
19920714 -211
19920728 -213
19920914 -203
19920928 -203
19921013 -208
19921028 -195
19921115 -193
19921129 -190
19921215 -190
19921228 -196
19930115 -195
19930130 -195
19930214 -199
19930228 -200
19930315 -202
19930328 -205
19930414 -205
19930430 -209
19930521 -205
19930529 -209
19930615 -209
19930628 -212
19930716 -212
19930728 -195
19930815 -195
19930830 -200
19930914 -199
19930929 -195
19931015 -197
19931030 -197
19931118 -198
19931215 -194
19931228 -192
19940116 -193
19940214 -198
19940301 -198
19940314 -201
19940328 -199
19940414 -197
19940429 -205
19940516 -204
19940530 -205
19940615 -205
19940630 -209
19940715 -211
19940729 -212
19940830 -214
19940915 -205
19940928 -204
19941016 -201
19941030 -195
19941214 -203
19941228 -194
19950114 -196
19950131 -195
19950214 -193
19950228 -199
19950314 -197
19950330 -206
19950414 -207
19950429 -209
19950514 -210
19950529 -213
19950619 -212
19950628 -213
19950714 -214
19950811 -225
19950828 -229
19950916 -225
19950930 -218
19951014 -216
19951029 -222
19951215 -215
19951229 -216
