436
2
date -9999
head -9999
19740131 -287
19740214 -289
19740228 -291
19740314 -290
19740328 -293
19740416 -300
19740429 -300
19740514 -305
19740528 -307
19740614 -307
19740628 -308
19740715 -307
19740729 -307
19740814 -308
19740828 -311
19740913 -309
19740927 -305
19741014 -292
19741029 -278
19741114 -278
19741128 -272
19741213 -268
19741227 -265
19750114 -268
19750128 -267
19750214 -278
19750228 -287
19750314 -289
19750328 -288
19750414 -284
19750428 -288
19750514 -294
19750528 -298
19750613 -302
19750627 -298
19750714 -299
19750728 -304
19750814 -308
19750828 -307
19750915 -308
19750929 -309
19751014 -310
19751028 -311
19751114 -311
19751128 -302
19751215 -300
19751229 -298
19760114 -286
19760129 -285
19760213 -287
19760227 -294
19760315 -294
19760329 -297
19760414 -299
19760428 -304
19760514 -306
19760528 -307
19760614 -307
19760628 -308
19760714 -308
19760728 -305
19760813 -307
19760827 -308
19760914 -308
19760928 -307
19761014 -305
19761028 -307
19761115 -308
19761129 -304
19761214 -303
19761228 -296
19770114 -292
19770128 -284
19770214 -283
19770228 -284
19770314 -292
19770328 -292
19770414 -294
19770428 -294
19770513 -298
19770527 -300
19770614 -300
19770628 -300
19770715 -303
19770728 -300
19770814 -296
19770829 -290
19770914 -298
19770928 -304
19771014 -305
19771028 -299
19771114 -293
19771128 -278
19771214 -283
19771228 -285
19780113 -280
19780127 -279
19780214 -278
19780228 -283
19780314 -285
19780328 -281
19780414 -283
19780428 -287
19780516 -287
19780530 -291
19780614 -293
19780628 -293
19780714 -288
19780728 -288
19780814 -291
19780828 -292
19780914 -293
19780928 -296
19781013 -293
19781027 -293
19781114 -292
19781128 -288
19781214 -288
19781228 -270
19790115 -272
19790129 -272
19790215 -272
19790228 -267
19790314 -255
19790328 -260
19790413 -269
19790427 -266
19790514 -260
19790528 -271
19790614 -264
19790628 -274
19790713 -276
19790730 -277
19790814 -281
19790829 -283
19790914 -287
19790928 -291
19791015 -289
19791029 -290
19791114 -279
19791128 -284
19791214 -272
19791228 -261
19800114 -260
19800128 -271
19800214 -264
19800228 -271
19800314 -277
19800328 -273
19800414 -275
19800428 -281
19800514 -288
19800528 -289
19800613 -293
19800627 -291
19800714 -281
19800728 -281
19800814 -283
19800828 -285
19800915 -285
19800929 -287
19801014 -286
19801028 -286
19801114 -284
19801128 -283
19801215 -278
19801229 -276
19810114 -263
19810128 -266
19810213 -269
19810227 -273
19810313 -258
19810327 -265
19810414 -275
19810428 -278
19810514 -282
19810527 -282
19810615 -284
19810629 -283
19810714 -286
19810728 -279
19810814 -286
19810828 -290
19810914 -289
19810928 -291
19811014 -284
19811028 -272
19811113 -280
19811127 -276
19811215 -262
19811228 -267
19820114 -268
19820128 -275
19820215 -274
19820301 -276
19820315 -272
19820329 -273
19820414 -280
19820428 -278
19820514 -288
19820528 -289
19820614 -287
19820628 -278
19820714 -285
19820728 -288
19820813 -287
19820827 -283
19820914 -292
19820928 -292
19821014 -276
19821028 -282
19821115 -280
19821129 -282
19821214 -272
19821228 -273
19830114 -265
19830128 -271
19830214 -267
19830228 -275
19830314 -276
19830328 -269
19830414 -272
19830428 -265
19830513 -264
19830527 -266
19830614 -273
19830628 -285
19830714 -285
19830728 -287
19830815 -291
19830829 -295
19830914 -284
19830928 -287
19831014 -287
19831028 -288
19831114 -291
19831128 -278
19831214 -277
19831228 -274
19840113 -267
19840127 -262
19840214 -260
19840228 -268
19840314 -272
19840328 -275
19840411 -278
19840413 -278
19840427 -285
19840514 -288
19840528 -284
19840614 -284
19840628 -286
19840713 -285
19840727 -288
19840814 -292
19840828 -293
19840914 -287
19840928 -283
19841015 -278
19841029 -274
19841114 -280
19841128 -275
19841214 -283
19841228 -281
19850114 -283
19850128 -277
19850214 -282
19850228 -285
19850314 -283
19850328 -285
19850415 -284
19850429 -275
19850514 -278
19850528 -280
19850614 -279
19850628 -271
19850715 -278
19850729 -281
19850814 -277
19850828 -277
19850913 -278
19850927 -284
19851014 -284
19851028 -285
19851114 -276
19851128 -277
19851213 -274
19851227 -277
19860114 -258
19860128 -253
19860214 -269
19860228 -272
19860314 -278
19860328 -274
19860414 -272
19860428 -271
19860514 -271
19860528 -276
19860613 -276
19860627 -282
19860714 -286
19860728 -282
19860814 -284
19860828 -280
19860915 -282
19860929 -282
19861014 -283
19861029 -278
19861114 -272
19861128 -265
19861215 -267
19861229 -264
19870115 -268
19870128 -264
19870213 -279
19870302 -272
19870313 -274
19870327 -263
19870414 -279
19870428 -280
19870514 -278
19870529 -280
19870615 -276
19870629 -278
19870714 -278
19870728 -277
19870814 -274
19870828 -272
19870914 -281
19870928 -276
19871014 -271
19871028 -275
19871113 -275
19871127 -266
19871214 -273
19871228 -274
19880114 -263
19880128 -257
19880215 -259
19880229 -266
19880314 -268
19880328 -264
19880414 -272
19880428 -278
19880513 -285
19880527 -287
19880614 -288
19880628 -290
19880714 -290
19880728 -282
19880815 -283
19880829 -284
19880914 -286
19880928 -284
19881014 -286
19881028 -289
19881114 -291
19881128 -293
19881214 -292
19881228 -282
19890113 -284
19890127 -286
19890214 -287
19890228 -284
19890314 -276
19890328 -276
19890414 -279
19890428 -280
19890516 -284
19890529 -284
19890614 -284
19890628 -285
19890714 -287
19890728 -289
19890814 -290
19890828 -291
19890914 -288
19890928 -293
19891013 -290
19891027 -285
19891114 -286
19891128 -288
19891214 -279
19891228 -274
19900115 -280
19900129 -272
19900214 -267
19900228 -275
19900314 -272
19900328 -278
19900412 -279
19900427 -280
19900515 -282
19900528 -286
19900614 -283
19900628 -283
19900713 -281
19900727 -286
19900814 -286
19900828 -284
19900914 -285
19900928 -281
19901015 -282
19901029 -282
19901114 -276
19901128 -272
19901214 -278
19901228 -276
19910114 -273
19910128 -277
19910228 -281
19910314 -279
19910328 -282
19910414 -288
19910501 -291
19910514 -291
19910528 -288
19910614 -286
19910628 -278
19910714 -276
19910728 -278
19910814 -282
19910828 -286
19910913 -289
19910927 -290
19911014 -286
19911028 -286
19911114 -270
19911128 -276
19911213 -281
19911227 -277
19920114 -279
19920128 -281
19920214 -279
19920228 -279
19920313 -276
