411
2
date -9999
head -9999
19840413 -210
19840427 -218
19840514 -217
19840528 -216
19840614 -212
19840628 -216
19840713 -215
19840727 -216
19840814 -217
19840828 -220
19840914 -216
19841002 -206
19841015 -207
19841029 -204
19841114 -210
19841128 -204
19841214 -212
19850228 -219
19850314 -215
19850328 -215
19850415 -207
19850429 -213
19850514 -214
19850528 -218
19850613 -218
19850627 -213
19850715 -217
19850730 -216
19850814 -213
19850913 -215
19850927 -216
19851014 -219
19851028 -221
19851213 -209
19860128 -196
19860214 -211
19860303 -220
19860314 -221
19860414 -211
19860514 -212
19860529 -211
19860627 -219
19860714 -224
19860728 -221
19860828 -221
19860915 -220
19860929 -224
19861014 -223
19861028 -211
19861114 -213
19861201 -207
19861215 -210
19870128 -209
19870216 -211
19870316 -210
19870327 -206
19870414 -214
19870428 -210
19870514 -214
19870527 -214
19870615 -210
19870629 -210
19870714 -215
19870728 -159
19870814 -210
19870828 -208
19870914 -212
19870928 -209
19871014 -207
19871028 -209
19871127 -204
19871214 -215
19871228 -211
19880114 -201
19880229 -208
19880414 -214
19880428 -220
19880513 -220
19880527 -224
19880614 -227
19880628 -225
19880714 -225
19880728 -218
19880815 -221
19880829 -218
19880914 -221
19880928 -219
19881014 -208
19881028 -220
19881114 -218
19881128 -218
19881214 -211
19881228 -209
19890113 -215
19890214 -221
19890228 -217
19890314 -213
19890328 -209
19890428 -215
19890516 -220
19890529 -228
19890614 -225
19890628 -228
19890714 -229
19890728 -232
19890814 -235
19890828 -235
19890914 -232
19890928 -234
19891013 -229
19891027 -230
19891114 -231
19891128 -229
19891214 -224
19891228 -220
19900115 -211
19900129 -217
19900215 -209
19900228 -213
19900314 -216
19900328 -211
19900413 -207
19900427 -229
19900515 -214
19900528 -237
19900614 -239
19900628 -240
19900713 -231
19900727 -236
19900914 -230
19900928 -224
19901015 -226
19901029 -222
19901128 -214
19901214 -216
19901228 -211
19910128 -216
19910214 -222
19910228 -222
19910314 -218
19910328 -221
19910415 -229
19910426 -228
19910514 -232
19910528 -233
19910614 -231
19910628 -218
19910715 -218
19910729 -220
19910814 -225
19910828 -231
19910913 -233
19910927 -228
19911014 -226
19911028 -231
19911114 -205
19911128 -213
19911213 -227
19911230 -221
19920114 -217
19920128 -230
19920214 -219
19920228 -223
19920313 -220
19920327 -217
19920414 -221
19920428 -222
19920514 -227
19920527 -223
19920615 -227
19920629 -233
19920714 -228
19920728 -234
19920814 -228
19920828 -224
19920914 -222
19920928 -227
19921014 -228
19921028 -213
19921113 -213
19921127 -201
19921214 -207
19921228 -217
19930114 -212
19930128 -211
19930215 -208
19930301 -220
19930315 -221
19930329 -227
19930414 -226
19930428 -231
19930514 -231
19930528 -229
19930614 -234
19930628 -231
19930714 -236
19930813 -220
19930827 -225
19930914 -223
19931028 -218
19931129 -219
19931214 -211
19940314 -231
19940328 -225
19940428 -232
19940517 -233
19940527 -235
19940614 -234
19940628 -234
19940714 -239
19940728 -239
19940815 -238
19940914 -231
19940928 -227
19941014 -215
19941114 -212
19941128 -215
19941214 -213
19941228 -199
19950113 -211
19950130 -197
19950214 -205
19950228 -206
19950314 -207
19950328 -212
19950427 -222
19950515 -228
19950529 -227
19950614 -227
19950628 -229
19950713 -231
19950726 -232
19950814 -239
19950828 -237
19950914 -234
19950929 -228
19951014 -228
19951027 -229
19951114 -230
19951127 -231
19951214 -233
19951228 -224
19970113 -219
19970128 -223
19970227 -205
19970313 -207
19970326 -193
19970414 -210
19970428 -213
19970616 -211
19970626 -210
19970715 -202
19970724 -210
19970818 -215
19970828 -213
19970911 -216
19970929 -220
19971014 -210
19971028 -216
19971114 -214
19971127 -217
19980128 -203
19980216 -210
19980227 -213
19980326 -204
19980513 -205
19980629 -198
19980714 -206
19980728 -210
19980814 -216
19980827 -213
19980928 -202
19990329 -188
19990414 -199
19990428 -208
19990518 -213
19990528 -216
19990614 -218
19990630 -221
19990714 -224
19990728 -227
19990914 -222
19990928 -222
19991014 -215
19991028 -219
19991115 -215
19991130 -212
20000114 -201
20000128 -196
20000214 -204
20000229 -176
20000314 -199
20000328 -202
20000413 -209
20000427 -213
20000515 -221
20000614 -213
20000628 -217
20000713 -210
20000727 -212
20000828 -220
20000914 -220
20000927 -217
20000930 -217
20010628 -221
20010712 -219
20010726 -225
20010814 -215
20010827 -221
20011015 -211
20011029 -208
20020328 -202
20020415 -217
20020426 -218
20020513 -220
20020528 -222
20020613 -215
20020627 -213
20020715 -218
20020729 -220
20020814 -217
20020916 -215
20020926 -213
20021014 -216
20030228 -212
20030314 -213
20030327 -214
20030415 -225
20030428 -220
20030613 -223
20030630 -224
20030714 -225
20030728 -227
20030814 -231
20030827 -228
20030929 -223
20031015 -221
20031028 -223
20031114 -224
20031128 -216
20031215 -214
20040127 -189
20040213 -201
20040227 -204
20040315 -208
20040329 -212
20040415 -213
20040428 -216
20040517 -220
20040528 -224
20040614 -221
20040628 -222
20040714 -226
20040728 -216
20040813 -221
20040914 -211
20040928 -206
20041014 -204
20041027 -215
20041214 -212
20041228 -200
20050114 -208
20050128 -204
20050228 -204
20050315 -204
20050329 -206
20050428 -213
20050513 -215
20050529 -219
20050614 -216
20050628 -219
20050714 -210
20050728 -212
20050829 -198
20050914 -206
20050928 -215
20051014 -217
20051028 -215
20051115 -220
20051215 -213
20051228 -218
20060126 -220
20060214 -215
20060228 -214
20060314 -212
20060328 -214
20060413 -210
20060428 -218
20060512 -225
20060529 -213
20060614 -223
20060714 -228
20060728 -230
20060812 -225
20061013 -198
20061027 -210
20061228 -204
20070115 -201
20070129 -195
20070314 -196
20070328 -206
20070416 -201
20070427 -206
20070514 -213
20070529 -215
20070614 -198
20070815 -203
20070928 -224
20071015 -222
20071029 -224
20071128 -218
