39
2
date -9999
head -9999
19710205 -264
19710228 -309
19710316 -257
19710330 -260
19710826 -275
19710928 -277
19711028 -279
19711203 -268
19711228 -263
19720229 -260
19720329 -264
19720502 -256
19720614 -263
19720715 -256
19720814 -262
19720915 -258
19721013 -266
19721128 -248
19721228 -253
19730129 -255
19730228 -248
19730328 -257
19730514 -256
19730727 -261
19730830 -268
19730928 -264
19731114 -244
19731229 -251
19740129 -247
19740302 -248
19740416 -263
19740514 -268
19740729 -264
19740828 -269
19740926 -257
19741030 -241
19741213 -239
19750128 -236
19750228 -251
