574
2
date -9999
head -9999
19710205 -432
19710215 -424
19710306 -426
19710316 -429
19710330 -433
19710414 -438
19710428 -443
19710514 -440
19710601 -425
19710628 -420
19710714 -421
19710728 -421
19710814 -406
19710831 -417
19710914 -420
19710928 -414
19711014 -414
19711028 -413
19711116 -416
19711128 -417
19711214 -419
19711229 -415
19720128 -408
19720214 -405
19720228 -398
19720314 -398
19720428 -400
19720530 -414
19720615 -399
19720714 -393
19720728 -399
19720815 -393
19720828 -393
19720914 -396
19720928 -402
19721014 -402
19721028 -400
19721114 -390
19721128 -387
19730129 -391
19730214 -388
19730326 -390
19730814 -399
19730828 -399
19730914 -394
19730928 -393
19731014 -390
19731111 -385
19731201 -386
19740128 -380
19740214 -382
19740314 -381
19740614 -393
19740628 -395
19740720 -390
19740828 -401
19740927 -391
19741014 -385
19741029 -385
19741114 -378
19741128 -375
19741228 -367
19750114 -372
19750329 -379
19750412 -379
19750613 -405
19750704 -377
19750714 -388
19750728 -388
19750819 -395
19750827 -390
19750916 -400
19751003 -412
19751016 -401
19751104 -404
19760110 -395
19760128 -387
19760214 -395
19760228 -380
19760314 -396
19760514 -396
19760529 -395
19760716 -390
19760805 -397
19760814 -400
19760821 -406
19760828 -400
19760914 -400
19760927 -400
19761113 -390
19761127 -390
19770201 -385
19770212 -381
19770226 -387
19770312 -385
19770409 -388
19770611 -392
19770627 -395
19770720 -397
19770805 -389
19770830 -385
19770928 -390
19771126 -390
19771217 -378
19780211 -385
19780414 -395
19780501 -376
19780703 -389
19780828 -390
19781004 -385
19781027 -386
19781128 -382
19781227 -375
19790528 -383
19790727 -381
19791228 -375
19800929 -384
19801028 -383
19801229 -382
19810128 -373
19810227 -379
19810326 -381
19810720 -386
19810828 -387
19811027 -379
19811214 -369
19820428 -377
19820915 -387
19821016 -376
19821228 -377
19830512 -370
19830914 -382
19831029 -384
19831214 -374
19840427 -386
19840920 -382
19841013 -380
19841231 -376
19850514 -383
19850909 -377
19851014 -383
19860116 -371
19860528 -375
19860915 -378
19861114 -375
19861215 -377
19870428 -364
19871024 -362
19880128 -357
19880428 -367
19880914 -367
19881014 -372
19881213 -367
19890505 -369
19891020 -372
19891222 -367
19900116 -373
19900129 -366
19900215 -365
19900301 -360
19900314 -366
19900328 -370
19900414 -372
19900501 -375
19900515 -374
19900529 -376
19900620 -375
19900702 -371
19900722 -377
19900730 -379
19900816 -387
19900828 -378
19900915 -374
19901003 -373
19901016 -376
19901027 -372
19901123 -369
19901201 -372
19901223 -365
19910101 -369
19910116 -370
19910129 -371
19910215 -370
19910304 -372
19910314 -373
19910328 -377
19910417 -376
19910429 -375
19910521 -375
19910529 -380
19910617 -376
19910628 -375
19910715 -368
19910801 -377
19910815 -377
19910829 -381
19910917 -377
19910927 -376
19911015 -379
19911026 -376
19911118 -378
19911129 -373
19911217 -373
19911231 -368
19920114 -375
19920129 -375
19920216 -376
19920302 -372
19920317 -375
19920327 -371
19920414 -374
19920428 -374
19920617 -378
19920627 -381
19920714 -387
19920807 -381
19920918 -370
19920930 -376
19921016 -372
19921029 -369
19921117 -365
19921201 -365
19930115 -366
19930128 -367
19930215 -368
19930303 -372
19930315 -372
19930329 -376
19930619 -378
19930630 -380
19930714 -376
19930730 -366
19930816 -368
19930830 -370
19930916 -372
19930930 -370
19931018 -370
19931028 -372
19931114 -366
19931128 -368
19931218 -371
19931231 -363
19940115 -367
19940202 -365
19940214 -369
19940303 -371
19940315 -372
19940330 -371
19940420 -370
19940502 -370
19940515 -371
19940528 -374
19940530 -390
19940620 -391
19940704 -393
19940721 -398
19940802 -397
19940815 -397
19940829 -397
19940919 -386
19941006 -388
19941015 -382
19941103 -382
19941112 -383
19941203 -384
19941214 -382
19941228 -378
19950114 -377
19950128 -369
19950218 -376
19950228 -377
19950316 -378
19950329 -378
19950417 -380
19950501 -384
19950615 -389
19950620 -388
19950628 -389
19950630 -388
19950714 -392
19950730 -393
19950818 -395
19950902 -397
19950914 -398
19950928 -387
19951023 -396
19951028 -393
19951118 -386
19951128 -397
19951216 -397
19960102 -393
19960115 -396
19960127 -395
19960220 -396
19960301 -393
19960316 -391
19960330 -395
19960416 -397
19960429 -397
19960515 -397
19960528 -395
19960614 -395
19960629 -394
19960713 -394
19960802 -395
19960814 -394
19960827 -393
19961017 -390
19961022 -388
19961115 -384
19961129 -380
19961214 -383
19961228 -383
19970114 -389
19970128 -394
19970215 -388
19970301 -385
19970314 -389
19970329 -388
19970414 -389
19970428 -389
19970517 -389
19970526 -388
19970614 -388
19970630 -386
19970714 -387
19970726 -383
19970816 -389
19970829 -391
19970916 -393
19971001 -394
19971015 -389
19971029 -390
19971115 -393
19971129 -393
19971213 -389
19971227 -384
19980112 -380
19980205 -388
19980216 -387
19980228 -386
19980316 -382
19980401 -386
19980415 -385
19980502 -383
19980514 -389
19980602 -388
19980613 -384
19980630 -376
19980716 -388
19980813 -392
19980831 -387
19980919 -380
19980929 -384
19981016 -383
19981104 -376
19981116 -380
19981130 -384
19981217 -378
19981230 -373
19990114 -378
19990130 -382
19990220 -378
19990227 -377
19990313 -377
19990331 -379
19990416 -385
19990430 -382
19990714 -389
19990729 -394
19990816 -387
19990828 -385
19990915 -387
19990929 -389
19991016 -385
19991028 -393
19991118 -385
19991130 -388
19991216 -380
20000103 -376
20000114 -382
20000129 -378
20000323 -381
20000410 -385
20000419 -387
20000527 -386
20000613 -386
20000702 -387
20000714 -387
20000731 -391
20000819 -387
20000902 -392
20000916 -389
20000930 -389
20001016 -391
20001115 -383
20001129 -381
20001216 -381
20010102 -378
20010129 -388
20010310 -380
20010331 -384
20010414 -385
20010507 -398
20010519 -388
20010528 -389
20010629 -395
20010714 -392
20010730 -400
20010901 -390
20010929 -372
20011013 -378
20011101 -389
20011113 -385
20011124 -386
20011219 -385
20020102 -381
20020116 -384
20020202 -378
20020216 -379
20020301 -374
20020316 -379
20020330 -381
20020413 -386
20020514 -387
20020601 -390
20020627 -394
20020714 -388
20020728 -390
20020814 -391
20020828 -393
20020916 -389
20021030 -386
20021204 -388
20021217 -388
20030107 -378
20030115 -380
20030128 -381
20030217 -383
20030301 -381
20030314 -386
20030328 -387
20030419 -389
20030514 -384
20030614 -394
20030627 -394
20030718 -396
20030805 -398
20030829 -404
20030929 -395
20031016 -398
20031030 -395
20031114 -392
20031202 -396
20031217 -393
20031231 -390
20040116 -386
20040127 -382
20040217 -383
20040301 -385
20040315 -386
20040403 -388
20040416 -389
20040501 -385
20040514 -392
20040528 -395
20040614 -394
20040628 -392
20040721 -390
20040728 -394
20040818 -388
20040831 -387
20040914 -388
20040929 -388
20041014 -390
20041029 -390
20041115 -390
20041129 -386
20050114 -387
20050202 -385
20050214 -378
20050301 -380
20050314 -385
20050401 -390
20050415 -388
20050429 -390
20050530 -393
20050614 -392
20050701 -393
20050714 -394
20050728 -395
20050812 -389
20050826 -390
20050914 -393
20051004 -394
20051015 -394
20051028 -396
20051114 -393
20051128 -380
20051214 -384
20060103 -385
20060116 -386
20060131 -387
20060228 -387
20060315 -387
20060328 -386
20060414 -387
20060513 -393
20060529 -388
20060615 -396
20060814 -388
20060914 -391
20061017 -390
20061027 -391
20061115 -390
20061127 -386
20061214 -386
20061228 -381
20070113 -383
20070202 -387
20070214 -381
20070228 -378
20070314 -381
20070329 -381
20070414 -386
20070428 -388
20070515 -389
20070529 -390
20070614 -388
20070628 -382
20070716 -378
20070728 -376
20070815 -386
20070828 -389
20070915 -388
20070928 -389
20071016 -392
20071027 -394
20071114 -394
20071128 -395
20071215 -392
20071229 -393
20080214 -394
20080301 -395
20080314 -392
20080331 -391
20080414 -394
20080428 -392
20080519 -398
20080528 -397
20080618 -402
20080624 -400
20080714 -399
20080729 -397
20080814 -394
20080828 -393
20080916 -393
20080930 -392
20081014 -393
20081029 -389
20081114 -391
20081128 -388
20081216 -389
20081229 -389
20090114 -391
20090128 -392
20090219 -397
20090303 -394
20090316 -392
20090330 -391
20090415 -393
20090428 -394
20090515 -393
20090528 -396
