59
2
date -9999
head -9999
19521219 -165
19530427 -211
19530828 -212
19531015 -232
19531214 -230
19540428 -227
19540827 -169
19541013 -171
19541214 -165
19550429 -215
19550830 -260
19551015 -232
19560502 -218
19590428 -180
19590828 -302
19591014 -302
19591028 -294
19630516 -164
19630828 -166
19631019 -180
19640108 -173
19640505 -172
19640828 -218
19651014 -215
19660428 -172
19660829 -207
19661014 -199
19670508 -314
19670903 -217
19671018 -187
19680429 -196
19680918 -197
19681101 -165
19690428 -172
19690918 -220
19691014 -235
19700828 -259
19701014 -162
19721028 -182
19730502 -200
19730828 -257
19731015 -167
19731222 -165
19741114 -162
19741213 -158
19750528 -223
19750613 -222
19750828 -237
19760428 -208
19760827 -297
19760914 -257
19770114 -174
19770128 -162
19770529 -231
19770614 -223
19771027 -203
19780828 -232
19781214 -162
19790514 -162
