432
2
date -9999
head -9999
19840413 -196
19840427 -200
19840514 -199
19840528 -196
19840614 -195
19840628 -199
19840713 -198
19840727 -200
19840814 -198
19840828 -204
19840914 -197
19841002 -187
19841015 -193
19841029 -190
19841114 -190
19841128 -190
19841214 -193
19850228 -203
19850314 -195
19850328 -196
19850415 -194
19850429 -198
19850514 -200
19850528 -202
19850613 -204
19850627 -199
19850715 -200
19850730 -199
19850814 -198
19850913 -198
19850927 -197
19851014 -204
19851028 -200
19851213 -190
19860128 -176
19860314 -202
19860414 -198
19860514 -194
19860529 -197
19860627 -205
19860714 -213
19860728 -214
19860828 -213
19860915 -205
19860929 -208
19861014 -206
19861028 -202
19861114 -197
19861201 -197
19861215 -193
19870128 -193
19870216 -194
19870316 -193
19870327 -187
19870414 -201
19870428 -205
19870514 -200
19870527 -196
19870615 -193
19870629 -197
19870714 -200
19870728 -158
19870814 -192
19870828 -190
19870914 -192
19870928 -189
19871014 -190
19871028 -188
19871127 -182
19871214 -189
19871228 -191
19880114 -191
19880229 -189
19880414 -197
19880428 -196
19880513 -196
19880527 -199
19880614 -201
19880628 -204
19880714 -200
19880728 -199
19880815 -201
19880829 -196
19880914 -198
19880928 -193
19881014 -195
19881028 -192
19881114 -194
19881128 -192
19881214 -194
19881228 -194
19890113 -195
19890214 -199
19890228 -194
19890314 -197
19890328 -193
19890428 -198
19890516 -195
19890529 -209
19890614 -208
19890628 -205
19890714 -206
19890728 -210
19890814 -210
19890828 -214
19890914 -210
19890928 -215
19891013 -208
19891027 -207
19891114 -204
19891128 -208
19891214 -202
19891228 -202
19900115 -189
19900129 -194
19900215 -188
19900228 -193
19900314 -197
19900328 -199
19900413 -203
19900427 -203
19900515 -198
19900528 -212
19900614 -215
19900628 -213
19900713 -206
19900727 -207
19900914 -204
19900928 -204
19901015 -201
19901029 -197
19901128 -187
19901214 -192
19901228 -190
19910128 -196
19910214 -201
19910228 -201
19910314 -200
19910328 -208
19910415 -214
19910426 -210
19910514 -213
19910528 -212
19910614 -209
19910628 -197
19910715 -199
19910729 -202
19910814 -205
19910828 -208
19910913 -190
19910927 -204
19911014 -202
19911028 -203
19911114 -186
19911128 -195
19911213 -204
19911230 -201
19920114 -197
19920128 -203
19920214 -196
19920228 -203
19920313 -193
19920327 -191
19920414 -199
19920428 -199
19920514 -199
19920527 -203
19920615 -203
19920629 -207
19920714 -201
19920728 -209
19920814 -201
19920828 -199
19920914 -199
19920928 -202
19921014 -207
19921028 -189
19921113 -198
19921127 -188
19921214 -193
19921228 -197
19930114 -198
19930128 -199
19930215 -206
19930301 -202
19930315 -206
19930329 -209
19930414 -209
19930428 -210
19930514 -209
19930528 -205
19930614 -209
19930628 -207
19930714 -200
19930813 -197
19930827 -201
19930914 -200
19931028 -193
19931129 -200
19931214 -177
19940314 -195
19940328 -187
19940428 -198
19940517 -205
19940527 -206
19940614 -206
19940628 -206
19940714 -212
19940728 -213
19940815 -212
19940914 -205
19940928 -200
19941014 -201
19941114 -198
19941128 -203
19941214 -199
19941228 -192
19950113 -203
19950130 -198
19950214 -195
19950228 -197
19950314 -197
19950328 -202
19950427 -206
19950515 -211
19950529 -209
19950614 -204
19950628 -208
19950713 -208
19950726 -207
19950814 -212
19950828 -219
19950914 -221
19950929 -211
19951014 -209
19951027 -208
19951114 -210
19951127 -208
19951214 -212
19951228 -206
19960116 -210
19960129 -207
19960213 -200
19960227 -203
19960314 -202
19960326 -206
19960411 -208
19960425 -217
19960514 -214
19960529 -211
19960603 -214
19960627 -214
19960715 -214
19960725 -211
19960813 -209
19960828 -211
19960913 -205
19960927 -208
19961014 -206
19961028 -206
19961114 -200
19961128 -196
19961212 -196
19961230 -196
19970113 -208
19970128 -212
19970227 -199
19970313 -203
19970326 -207
19970414 -204
19970428 -207
19970616 -207
19970626 -202
19970715 -212
19970724 -204
19970818 -210
19970828 -208
19970911 -210
19970929 -213
19971014 -206
19971028 -212
19971114 -204
19971127 -204
19980128 -195
19980216 -201
19980227 -208
19980326 -199
19980513 -199
19980629 -194
19980714 -198
19980728 -200
19980814 -205
19980827 -206
19980928 -193
19990329 -186
19990414 -195
19990428 -201
19990518 -201
19990528 -203
19990614 -205
19990630 -205
19990714 -207
19990728 -214
19990914 -205
19990928 -201
19991014 -206
19991028 -206
19991115 -200
19991130 -199
20000114 -203
20000128 -210
20000214 -191
20000229 -202
20000314 -189
20000328 -193
20000413 -197
20000427 -206
20000515 -211
20000614 -199
20000628 -202
20000713 -199
20000727 -199
20000828 -209
20000914 -207
20000927 -206
20010628 -210
20010712 -209
20010726 -212
20010814 -205
20010827 -205
20011015 -204
20011029 -196
20020328 -200
20020415 -205
20020426 -201
20020513 -205
20020528 -217
20020613 -205
20020627 -201
20020715 -200
20020729 -207
20020814 -206
20020916 -201
20020926 -200
20021014 -201
20030228 -203
20030314 -203
20030327 -205
20030415 -206
20030428 -203
20030613 -203
20030630 -207
20030714 -213
20030728 -220
20030814 -221
20030827 -225
20030929 -220
20031015 -218
20031028 -220
20031114 -215
20031128 -217
20031215 -222
20040127 -187
20040213 -203
20040227 -201
20040315 -204
20040329 -202
20040415 -205
20040428 -209
20040517 -209
20040528 -213
20040614 -216
20040628 -214
20040714 -217
20040728 -209
20040813 -207
20040914 -206
20040928 -200
20041014 -197
20041027 -199
20041214 -198
20041228 -187
20050114 -190
20050128 -188
20050228 -192
20050315 -194
20050329 -194
20050428 -198
20050513 -203
20050529 -206
20050614 -199
20050628 -203
20050714 -192
20050728 -195
20050829 -189
20050914 -197
20050928 -197
20051014 -199
20051028 -196
20051115 -200
20051215 -189
20051228 -201
20060126 -197
20060214 -195
20060228 -192
20060314 -186
20060328 -188
20060413 -186
20060428 -199
20060512 -207
20060529 -199
20060614 -206
20060714 -215
20060728 -217
20060812 -210
20061013 -188
20061027 -198
20061228 -183
20070115 -191
20070129 -185
20070314 -177
20070328 -193
20070416 -188
20070427 -194
20070514 -200
20070529 -205
20070614 -205
20070815 -186
20070928 -188
20071015 -189
20071029 -194
20071128 -204
