99
2
date -9999
head -9999
19910529 -215
19910614 -209
19910628 -207
19910714 -201
19910728 -206
19910816 -213
19910828 -216
19910929 -209
19911014 -207
19911028 -205
19911114 -197
19911128 -200
19911214 -201
19911228 -202
19920128 -202
19920215 -204
19920228 -206
19920314 -200
19920328 -197
19920414 -205
19920429 -205
19920515 -206
19920529 -211
19920614 -208
19920629 -216
19920714 -208
19920728 -211
19920914 -201
19920928 -201
19921013 -206
19921028 -197
19921115 -195
19921129 -197
19921215 -197
19921228 -202
19930115 -200
19930130 -203
19930214 -201
19930228 -204
19930315 -207
19930328 -206
19930414 -205
19930430 -206
19930521 -207
19930529 -205
19930615 -206
19930628 -207
19930716 -201
19930728 -197
19930815 -200
19930830 -199
19930914 -194
19930929 -196
19931015 -198
19931030 -201
19931118 -199
19931215 -196
19931228 -197
19940116 -201
19940214 -201
19940301 -200
19940314 -204
19940328 -204
19940414 -201
19940429 -203
19940516 -201
19940530 -202
19940615 -202
19940630 -206
19940715 -207
19940729 -209
19940830 -206
19940915 -201
19940928 -204
19941016 -205
19941030 -198
19941214 -203
19941228 -194
19950114 -202
19950131 -197
19950214 -200
19950228 -200
19950314 -202
19950330 -206
19950414 -207
19950429 -208
19950514 -209
19950529 -206
19950619 -206
19950628 -210
19950714 -213
19950811 -216
19950828 -215
19950916 -214
19950930 -209
19951014 -211
19951029 -212
19951215 -212
19951229 -211
