236
2
date -9999
head -9999
19521223 -387
19530428 -410
19530902 -413
19531014 -431
19531215 -423
19540427 -427
19540826 -402
19541014 -396
19550428 -405
19550830 -456
19551012 -414
19560309 -403
19560428 -413
19560828 -375
19561013 -397
19561214 -383
19570429 -419
19570828 -391
19571014 -401
19571216 -396
19580428 -399
19580828 -421
19581016 -402
19581215 -387
19590428 -399
19590629 -456
19590630 -452
19590701 -464
19590702 -462
19590703 -463
19590704 -464
19590706 -465
19590707 -468
19590708 -468
19590709 -468
19590710 -450
19590711 -453
19590713 -454
19590714 -470
19590715 -461
19590716 -464
19590717 -470
19590718 -469
19590727 -480
19590728 -469
19590729 -470
19590730 -459
19590731 -415
19590801 -429
19590803 -429
19590804 -430
19590805 -433
19590806 -433
19590807 -436
19590808 -437
19590810 -438
19590811 -431
19590812 -418
19590813 -420
19590814 -429
19590815 -424
19590817 -431
19590818 -431
19590819 -433
19590820 -434
19590821 -434
19590822 -437
19590824 -444
19590825 -445
19590826 -446
19590827 -448
19590828 -449
19590829 -452
19590831 -454
19590901 -455
19590902 -455
19590903 -456
19590904 -457
19590905 -458
19590907 -463
19590908 -464
19590909 -465
19590910 -466
19590911 -468
19590912 -469
19590914 -471
19590915 -473
19590916 -473
19590917 -474
19590918 -475
19590919 -477
19590921 -481
19590922 -478
19590923 -481
19590924 -482
19590925 -481
19590926 -481
19590928 -484
19590929 -486
19590930 -485
19591002 -488
19591003 -490
19591005 -492
19591006 -491
19591007 -491
19591008 -493
19591009 -494
19591010 -496
19591012 -497
19591014 -498
19591015 -497
19591016 -498
19591020 -488
19591023 -482
19591027 -454
19591029 -452
19591030 -452
19591031 -437
19591102 -446
19591103 -447
19591104 -447
19591105 -443
19591106 -441
19591107 -446
19591109 -446
19591110 -426
19591111 -423
19591112 -425
19591113 -426
19591117 -428
19591120 -422
19591124 -419
19591127 -419
19591214 -423
19600428 -425
19600830 -409
19601014 -396
19601215 -397
19610428 -404
19610910 -420
19611013 -431
19611213 -395
19620501 -428
19620828 -454
19621015 -446
19621215 -399
19630429 -423
19630828 -410
19631014 -415
19631213 -418
19640429 -417
19640828 -433
19641014 -410
19641214 -387
19650428 -404
19650827 -411
19651014 -412
19660428 -395
19660829 -425
19661014 -417
19670828 -440
19671013 -412
19671214 -395
19680429 -434
19680828 -416
19690428 -406
19690828 -407
19691014 -447
19691215 -398
19700511 -428
19700828 -461
19701102 -406
19701214 -412
19710428 -432
19711014 -470
19711214 -420
19720428 -413
19720828 -413
19721013 -425
19721114 -387
19721128 -387
19721214 -390
19730115 -400
19730129 -394
19730215 -380
19730228 -389
19730314 -399
19730328 -407
19730416 -401
19730427 -403
19730514 -402
19730528 -402
19730628 -434
19730716 -440
19730727 -426
19730814 -435
19730828 -454
19730914 -458
19730928 -423
19731015 -414
19731029 -402
19731114 -381
19731129 -393
19731214 -377
19740429 -424
19740828 -425
19741014 -391
19741213 -374
19750428 -391
19750929 -413
19751014 -426
19751215 -404
19760428 -436
19761014 -453
19761214 -415
19770428 -418
19770829 -412
19771013 -422
19771214 -407
19780428 -417
19780828 -458
19781013 -427
19781214 -399
19790427 -405
19791015 -423
19791214 -399
19800428 -420
19800828 -424
19801014 -416
19810617 -415
19810828 -424
19820428 -397
19820827 -440
19821014 -404
19821214 -398
19830428 -374
