495
2
date -9999
head -9999
19590428 -228
19590828 -255
19591014 -293
19591214 -222
19600428 -224
19600829 -191
19601014 -215
19601214 -217
19610428 -219
19610828 -221
19611013 -228
19611214 -202
19620526 -227
19620828 -236
19621015 -234
19621218 -194
19630514 -194
19630828 -216
19631014 -224
19631213 -224
19640428 -198
19640828 -244
19641014 -215
19650128 -210
19650428 -194
19650827 -214
19651028 -233
19651214 -196
19660428 -214
19660915 -193
19661014 -230
19661214 -195
19670516 -218
19670828 -231
19671016 -197
19671214 -212
19680513 -214
19680828 -229
19681114 -222
19681213 -224
19690428 -200
19690828 -204
19691118 -217
19691215 -202
19700428 -217
19700828 -256
19701014 -229
19701214 -217
19710315 -213
19710330 -218
19710415 -232
19710428 -226
19710528 -193
19710614 -237
19710630 -208
19710715 -256
19710731 -250
19710816 -254
19710901 -248
19710920 -268
19711004 -245
19711020 -223
19711104 -231
19711117 -230
19711209 -216
19711220 -216
19711231 -221
19720118 -225
19720208 -207
19720222 -217
19720301 -224
19720320 -224
19720404 -204
19720419 -214
19720509 -218
19720518 -204
19720603 -224
19720624 -228
19720705 -229
19720717 -243
19720802 -226
19720822 -246
19720918 -230
19721010 -241
19721216 -218
19730119 -210
19730216 -205
19730420 -224
19730618 -244
19730728 -244
19730814 -251
19730828 -274
19730914 -262
19730921 -262
19730928 -218
19731015 -229
19731029 -224
19731115 -204
19731129 -204
19731214 -195
19731228 -219
19740114 -206
19740128 -216
19740214 -208
19740228 -221
19740320 -205
19740328 -220
19740416 -240
19740501 -229
19740514 -220
19740528 -231
19740614 -226
19740628 -240
19740717 -234
19740730 -242
19740814 -220
19740828 -243
19740916 -229
19740928 -194
19741014 -205
19741028 -189
19741114 -201
19741128 -183
19741216 -200
19741230 -196
19750114 -197
19750128 -188
19750214 -194
19750228 -218
19750317 -192
19750403 -193
19750414 -199
19750428 -216
19750514 -220
19750528 -202
19750616 -198
19750628 -206
19750714 -230
19750814 -248
19750828 -236
19750915 -203
19751002 -233
19751028 -244
19751128 -205
19751229 -217
19760216 -215
19760228 -220
19760315 -214
19760329 -213
19760414 -223
19760428 -228
19760518 -232
19760528 -231
19760614 -238
19760628 -237
19760716 -258
19760730 -245
19760816 -248
19760827 -271
19760917 -223
19760928 -218
19761015 -230
19761029 -225
19761115 -225
19761129 -216
19761214 -213
19761228 -222
19770115 -198
19770128 -200
19770214 -213
19770228 -212
19770314 -212
19770328 -197
19770420 -223
19770428 -223
19770514 -202
19770531 -241
19770614 -232
19770628 -237
19770714 -241
19770728 -238
19770815 -231
19770830 -218
19770919 -258
19771003 -239
19771014 -234
19771028 -223
19771114 -193
19771128 -207
19771214 -217
19771228 -204
19780116 -217
19780130 -210
19780214 -225
19780228 -217
19780320 -206
19780331 -212
19780428 -221
19780529 -238
19780614 -241
19780628 -217
19780717 -237
19780814 -250
19780828 -264
19780914 -242
19780929 -224
19781016 -234
19781030 -219
19781116 -227
19781130 -211
19781214 -202
19781228 -197
19790115 -216
19790202 -201
19790228 -217
19790314 -204
19790328 -204
19790514 -217
19790528 -210
19790614 -209
19790628 -234
19790713 -252
19790730 -246
19790814 -246
19790828 -256
19790914 -264
19791015 -235
19791029 -237
19791114 -220
19791128 -226
19791214 -204
19791228 -212
19800118 -231
19800128 -223
19800214 -217
19800228 -222
19800327 -221
19800414 -220
19800514 -228
19800616 -242
19800627 -217
19800714 -201
19800802 -213
19800915 -210
19801016 -244
19801029 -210
19801114 -207
19801204 -209
19801216 -210
19801229 -207
19810116 -202
19810128 -210
19810216 -217
19810302 -203
19810316 -198
19810330 -208
19810414 -224
19810514 -227
19810529 -210
19810615 -229
19810629 -196
19810714 -241
19810729 -236
19810814 -246
19810914 -247
19810928 -237
19811016 -217
19811028 -206
19811202 -201
19820102 -201
19820114 -209
19820128 -207
19820215 -215
19820301 -217
19820329 -217
19820414 -219
19820517 -236
19820601 -240
19820614 -245
19820628 -219
19820714 -254
19820728 -260
19820816 -263
19820830 -260
19820917 -273
19820928 -275
19821014 -217
19821025 -219
19821115 -210
19821129 -222
19821216 -212
19821228 -217
19830116 -215
19830131 -216
19830218 -223
19830304 -218
19830314 -220
19830328 -209
19830418 -217
19830428 -206
19830502 -210
19830602 -204
19830628 -247
19830714 -259
19830801 -271
19830815 -280
19830829 -293
19830914 -217
19830930 -207
19831014 -230
19831031 -224
19831114 -226
19831128 -210
19831214 -220
19831228 -217
19840116 -217
19840130 -215
19840330 -217
19840420 -221
19840503 -225
19840514 -226
19840601 -218
19840628 -230
19840716 -217
19840728 -229
19840817 -251
19840914 -225
19841016 -221
19841115 -222
19850314 -222
19850415 -214
19850619 -226
19850729 -250
19850919 -258
19851118 -222
19851129 -218
19860128 -217
19860415 -223
19860728 -261
19860828 -217
19860929 -244
19861028 -218
19861128 -220
19861229 -209
19870128 -226
19870227 -220
19870327 -227
19870428 -233
19870527 -223
19870629 -227
19870728 -222
19870828 -248
19870928 -247
19871028 -226
19871127 -225
19871228 -217
19880128 -213
19880229 -221
19880328 -214
19880428 -229
19880527 -240
19880628 -259
19880728 -250
19880829 -291
19880928 -235
19881028 -227
19881128 -222
19881228 -224
19890127 -226
19890228 -217
19890328 -222
19890428 -202
19890529 -253
19890628 -266
19890728 -291
19890828 -286
19890928 -288
19891027 -222
19891128 -216
19891228 -297
19900129 -217
19900228 -221
19900328 -223
19900427 -229
19900528 -228
19900628 -221
19900727 -262
19900828 -250
19900928 -226
19901029 -215
19901128 -220
19901228 -217
19910228 -218
19910328 -221
19910429 -224
19910528 -224
19910628 -223
19910729 -258
19910828 -271
19910927 -222
19911028 -226
19911128 -223
19920128 -224
19920228 -215
19920327 -221
19920428 -220
19920527 -244
19920629 -253
19920728 -298
19920828 -213
19920928 -229
19921028 -222
19921127 -221
19921228 -223
19930128 -224
19930301 -226
19930329 -225
19930528 -235
19930728 -215
19930827 -253
19930928 -221
19931028 -224
19931129 -217
19931228 -217
19940128 -220
19940228 -219
19940428 -222
19940527 -222
19940628 -248
19940728 -303
19940829 -250
19940928 -220
19941018 -224
19941028 -210
19941128 -220
19941228 -215
19950127 -215
19950228 -214
19950328 -220
19950428 -228
19950529 -209
19950628 -246
19950728 -275
19950828 -269
19950928 -232
19951027 -229
19951128 -224
19951228 -217
19960228 -221
19960328 -221
19960429 -224
19960528 -220
19960628 -217
19960729 -251
19960828 -249
19960927 -244
19961028 -216
19961128 -219
19970128 -212
19970228 -216
19970327 -224
19970428 -218
19970627 -217
19970728 -226
19970828 -223
19970929 -218
19971028 -218
19980128 -220
19980227 -214
19980327 -214
19980528 -223
19980728 -226
19980828 -211
19981028 -217
19981127 -214
19981228 -212
19990128 -214
19990301 -218
19990329 -214
19990507 -215
19990528 -219
19990628 -228
19990728 -216
19990928 -224
19991028 -214
19991129 -209
19991228 -209
20000128 -215
20000328 -217
20000428 -224
20000529 -219
20000728 -234
20000828 -229
20000928 -229
20001027 -207
