745
2
date -9999
head -9999
19710129 -469
19710215 -474
19710227 -474
19710314 -475
19710328 -475
19710415 -478
19710429 -446
19710516 -430
19710602 -381
19710616 -363
19710629 -362
19710729 -362
19710815 -357
19710829 -354
19710914 -362
19710929 -362
19711017 -360
19711030 -361
19711116 -361
19711201 -356
19711215 -358
19711228 -354
19720115 -353
19720129 -355
19720214 -333
19720302 -328
19720316 -308
19720329 -306
19720417 -306
19720429 -305
19720515 -311
19720528 -310
19720615 -310
19720629 -312
19720716 -313
19720729 -314
19720814 -310
19720829 -321
19720917 -325
19720930 -328
19721013 -323
19721030 -306
19721116 -309
19721128 -310
19721216 -312
19721230 -310
19730114 -307
19730129 -307
19730214 -306
19730302 -306
19730314 -310
19730402 -307
19730415 -309
19730430 -312
19730515 -309
19730530 -307
19730615 -316
19730718 -316
19730810 -320
19730828 -325
19730916 -318
19730930 -317
19731016 -315
19731102 -314
19731115 -312
19731203 -308
19731218 -308
19731228 -311
19740116 -311
19740130 -309
19740216 -310
19740301 -312
19740315 -311
19740330 -313
19740416 -316
19740430 -316
19740515 -319
19740530 -320
19740618 -313
19740630 -308
19740725 -310
19740814 -316
19740830 -313
19740929 -316
19741016 -311
19741107 -313
19741118 -312
19741228 -308
19741230 -312
19750116 -303
19750131 -306
19750215 -315
19750302 -316
19750315 -312
19750329 -315
19750414 -314
19750503 -316
19750515 -317
19750529 -316
19750615 -316
19750629 -315
19750802 -320
19750815 -322
19750829 -321
19750916 -324
19750928 -326
19751017 -326
19751030 -324
19751117 -318
19751129 -314
19751214 -318
19760114 -315
19760131 -311
19760214 -315
19760303 -316
19760318 -317
19760408 -320
19760417 -323
19760430 -324
19760520 -329
19760528 -328
19760615 -329
19760630 -328
19760802 -330
19760815 -333
19760828 -331
19760914 -326
19760930 -329
19761015 -330
19761029 -328
19761114 -330
19761202 -326
19761231 -326
19770115 -324
19770130 -325
19770215 -326
19770318 -329
19770330 -325
19770512 -328
19770528 -328
19770615 -331
19770630 -332
19770726 -331
19770814 -326
19770829 -325
19770915 -328
19770928 -332
19771014 -330
19771031 -328
19771114 -326
19771130 -325
19771214 -323
19771229 -323
19780116 -325
19780129 -323
19780216 -323
19780301 -324
19780321 -325
19780405 -326
19780416 -327
19780501 -328
19780514 -326
19780530 -328
19780615 -332
19780629 -329
19780714 -331
19780814 -329
19780830 -330
19780916 -335
19780929 -330
19781014 -332
19781031 -331
19781115 -330
19781130 -328
19781214 -327
19781228 -323
19790129 -322
19790214 -323
19790303 -321
19790315 -320
19790402 -321
19790416 -323
19790504 -321
19790515 -322
19790602 -321
19790620 -320
19790630 -326
19790715 -325
19790815 -326
19790830 -328
19790917 -331
19790930 -332
19791028 -332
19791116 -331
19791130 -327
19791216 -328
19800114 -325
19800131 -322
19800216 -323
19800310 -324
19800324 -322
19800415 -323
19800427 -325
19800513 -328
19800528 -330
19800615 -331
19800628 -330
19800714 -326
19800803 -329
19800816 -328
19800828 -331
19800914 -328
19800928 -330
19801115 -329
19801201 -328
19801215 -325
19801228 -326
19810114 -321
19810130 -325
19810216 -325
19810316 -319
19810405 -322
19810416 -324
19810428 -325
19810514 -327
19810529 -325
19810614 -326
19810630 -328
19810712 -330
19810730 -328
19810814 -330
19810828 -331
19810917 -332
19811014 -328
19811028 -324
19811114 -326
19811214 -322
19811228 -319
19820114 -320
19820214 -323
19820228 -326
19820314 -325
19820330 -321
19820415 -328
19820503 -326
19820516 -320
19820614 -326
19820628 -325
19820713 -329
19821123 -325
19821129 -330
19821229 -326
19830128 -323
19830228 -329
19830328 -323
19830502 -319
19830527 -321
19830627 -324
19830728 -331
19830829 -337
19830928 -329
19831026 -332
19831128 -324
19831229 -326
19840130 -319
19840229 -322
19840328 -322
19840428 -328
19840529 -323
19840702 -326
19840730 -328
19840827 -337
19840927 -328
19841029 -321
19841128 -324
19841231 -325
19850128 -325
19850228 -325
19850328 -333
19850429 -325
19850528 -338
19850628 -332
19850730 -329
19850828 -328
19850930 -328
19851028 -337
19851128 -338
19851230 -321
19860127 -319
19860227 -338
19860528 -329
19860630 -334
19860901 -327
19860929 -335
19861103 -329
19861201 -325
19861229 -312
19870128 -316
19870226 -328
19870330 -320
19870428 -331
19870601 -324
19870629 -324
19870727 -321
19870827 -322
19870928 -332
19871026 -332
19871130 -321
19871228 -325
19880126 -313
19880229 -311
19880328 -325
19880428 -323
19880531 -320
19880628 -328
19880801 -325
19880825 -325
19881003 -328
19881031 -325
19881128 -328
19881228 -322
19890206 -324
19890228 -326
19890328 -323
19890501 -324
19890529 -336
19890627 -332
19890728 -342
19890928 -340
19891031 -342
19891128 -336
19891228 -334
19900130 -329
19900216 -334
19900315 -328
19900330 -331
19900412 -330
19900430 -333
19900515 -333
19900606 -335
19900613 -337
19900716 -335
19900731 -340
19900814 -341
19900829 -341
19900913 -340
19901015 -337
19901029 -340
19901115 -334
19901129 -336
19901214 -345
19901231 -329
19910116 -343
19910128 -333
19910214 -333
19910228 -337
19910315 -334
19910328 -337
19910418 -336
19910501 -339
19910514 -339
19910528 -338
19910627 -333
19910816 -338
19910827 -338
19911001 -336
19911014 -334
19911030 -340
19911113 -333
19911128 -338
19911216 -334
19911231 -333
19920115 -333
19920129 -334
19920218 -340
19920227 -334
19920316 -333
19920331 -329
19920415 -333
19920519 -336
19920601 -335
19920615 -338
19920814 -340
19920914 -333
19920929 -338
19921030 -332
19921117 -330
19921126 -333
19921215 -327
19921229 -333
19930113 -327
19930201 -329
19930216 -332
19930301 -329
19930316 -336
19930329 -333
19930413 -332
19930427 -335
19930627 -341
19931014 -331
19931028 -334
19931119 -331
19931129 -333
19931213 -331
19931228 -326
19940115 -324
19940131 -322
19940218 -328
19940228 -327
19940315 -328
19940329 -326
19940414 -329
19940428 -328
19940527 -330
19940530 -331
19940614 -329
19940627 -330
19940715 -333
19940728 -337
19940812 -339
19940829 -338
19940913 -336
19940930 -335
19941016 -333
19941028 -330
19941114 -326
19941128 -329
19950114 -324
19950128 -319
19950213 -323
19950228 -323
19950314 -320
19950329 -321
19950414 -327
19950428 -330
19950515 -329
19950529 -331
19950614 -332
19950628 -333
19950714 -333
19950731 -339
19950814 -341
19950828 -342
19950914 -342
19950928 -341
19951016 -339
19951030 -341
19951114 -343
19951127 -341
19951214 -345
19951230 -337
19960115 -343
19960129 -342
19960214 -344
19960303 -339
19960314 -341
19960328 -342
19960414 -343
19960501 -342
19960514 -346
19960528 -344
19960614 -351
19960628 -349
19960715 -346
19960729 -346
19960814 -345
19960928 -348
19961020 -343
19961028 -341
19961114 -340
19961128 -340
19961214 -336
19961228 -339
19970114 -340
19970128 -343
19970214 -335
19970228 -339
19970314 -339
19970328 -338
19970414 -340
19970428 -338
19970514 -341
19970526 -341
19970613 -340
19970628 -341
19970714 -338
19970728 -339
19970814 -342
19970828 -342
19970915 -343
19970928 -346
19971018 -341
19971028 -343
19971115 -343
19971128 -343
19971215 -342
19971230 -337
19980114 -334
19980130 -336
19980213 -341
19980228 -336
19980314 -333
19980328 -335
19980414 -336
19980428 -335
19980514 -337
19980528 -339
19980615 -334
19980701 -339
19980714 -335
19980728 -341
19980815 -342
19980828 -342
19980915 -332
19980928 -333
19981014 -335
19981027 -334
19981114 -325
19981130 -333
19981216 -330
19981229 -324
19990114 -327
19990129 -329
19990215 -327
19990227 -328
19990314 -327
19990402 -326
19990414 -324
19990429 -329
19990514 -328
19990531 -331
19990614 -331
19990628 -332
19990715 -333
19990728 -338
19990814 -336
19990827 -338
19990914 -336
19990928 -338
19991013 -336
19991028 -338
19991115 -337
19991129 -339
19991214 -331
19991227 -336
20000114 -334
20000128 -331
20000214 -332
20000227 -328
20000314 -331
20000328 -330
20000414 -331
20000428 -333
20000515 -338
20000527 -331
20000616 -333
20000628 -337
20000715 -332
20000728 -333
20000814 -336
20000828 -339
20000914 -340
20000928 -338
20001013 -338
20001028 -338
20001114 -331
20001201 -330
20001228 -331
20010129 -336
20010214 -332
20010228 -327
20010314 -332
20010328 -329
20010417 -328
20010427 -329
20010515 -331
20010530 -336
20010614 -337
20010628 -339
20010714 -337
20010728 -351
20010814 -337
20010829 -340
20010915 -330
20010917 -332
20010926 -332
20010927 -341
20011213 -334
20011228 -342
20020114 -333
20020128 -330
20020215 -332
20020227 -332
20020314 -331
20020328 -332
20020415 -335
20020429 -330
20020516 -338
20020528 -336
20020614 -337
20020627 -338
20020715 -337
20020729 -343
20020815 -339
20020828 -318
20020914 -338
20020928 -340
20021015 -336
20021028 -338
20021128 -339
20030114 -335
20030129 -330
20030213 -331
20030228 -330
20030314 -331
20030328 -331
20030416 -335
20030428 -331
20030528 -332
20030613 -338
20030628 -342
20030714 -341
20030728 -345
20030814 -348
20030828 -351
20030915 -349
20030927 -350
20031014 -350
20031028 -349
20031114 -351
20031203 -350
20031215 -346
20031228 -341
20040121 -341
20040128 -338
20040214 -337
20040313 -339
20040329 -337
20040415 -339
20040504 -337
20040513 -342
20040527 -345
20040615 -349
20040628 -344
20040714 -343
20040715 -345
20040728 -344
20040729 -339
20040914 -341
20040928 -341
20041014 -340
20041028 -341
20041115 -344
20041129 -339
20041215 -341
20041228 -336
20050114 -340
20050130 -339
20050214 -332
20050228 -338
20050314 -338
20050329 -338
20050414 -340
20050502 -337
20050513 -342
20050528 -342
20050614 -344
20050628 -348
20050715 -347
20050728 -346
20050815 -341
20050829 -341
20050914 -344
20050929 -343
20051014 -345
20051114 -339
20051129 -345
20051214 -340
20051228 -339
20060114 -340
20060128 -345
20060214 -340
20060303 -339
20060314 -341
20060328 -338
20060514 -349
20060529 -339
20060614 -346
20060714 -351
20060728 -351
20060814 -348
20060828 -345
20060914 -345
20060928 -349
20061014 -346
20061028 -342
20061114 -339
20061128 -341
20061214 -340
20061228 -337
20070114 -338
20070127 -337
20070214 -336
20070228 -334
20070328 -334
20070414 -338
20070428 -342
20070514 -338
20070529 -339
20070713 -335
20070727 -333
20070914 -339
20070928 -339
20071013 -339
20071029 -339
20071114 -340
20071128 -342
20071215 -340
20071228 -340
20080114 -336
20080128 -339
20080214 -340
20080316 -335
20080328 -336
20080414 -339
20080428 -339
20080514 -345
20080529 -343
20080613 -345
20080627 -349
20080715 -350
20080728 -345
20080814 -343
20080828 -344
20080914 -346
20080927 -348
20081015 -340
20081030 -341
20081115 -341
20081128 -339
20081215 -337
20090319 -339
20090428 -341
20090514 -344
20090528 -346
