48
2
date -9999
head -9999
19521215 -166
19530427 -194
19530828 -189
19531013 -199
19531214 -184
19540428 -201
19540828 -178
19541014 -176
19541214 -161
19550429 -187
19550830 -212
19551014 -184
19590502 -199
19590828 -300
19591014 -269
19591214 -210
19600428 -221
19600829 -181
19601014 -176
19601214 -186
19610428 -186
19610828 -210
19611013 -213
19611214 -182
19620427 -201
19620828 -218
19621015 -208
19621214 -183
19630429 -188
19630828 -184
19631014 -191
19631231 -184
19640514 -207
19640828 -223
19641014 -187
19641214 -183
19650428 -186
19650827 -193
19651014 -211
19651214 -181
19660428 -186
19660829 -198
19661014 -202
19661214 -181
19670518 -202
19670828 -190
19671028 -186
19671214 -180
