412
2
date -9999
head -9999
19840413 -209
19840427 -230
19840514 -228
19840528 -229
19840614 -221
19840628 -228
19840713 -218
19840727 -225
19840814 -230
19840828 -248
19840914 -218
19841002 -197
19841015 -204
19841029 -221
19841114 -210
19841128 -200
19841214 -210
19850128 -203
19850214 -219
19850228 -226
19850314 -215
19850328 -206
19850415 -196
19850429 -221
19850514 -220
19850528 -229
19850613 -228
19850627 -211
19850715 -233
19850730 -215
19850814 -225
19850828 -222
19850913 -223
19850927 -225
19851014 -226
19851028 -231
19851128 -203
19851213 -199
19860114 -190
19860128 -193
19860303 -226
19860314 -218
19860414 -211
19860514 -218
19860529 -225
19860627 -235
19860714 -243
19860728 -231
19860828 -225
19860915 -228
19860929 -233
19861014 -232
19861028 -199
19861114 -208
19861201 -199
19861215 -203
19870128 -203
19870216 -196
19870316 -209
19870327 -193
19870414 -211
19870428 -226
19870514 -222
19870527 -219
19870615 -208
19870629 -213
19870714 -227
19870728 -195
19870814 -196
19870828 -195
19870914 -212
19870928 -205
19871014 -202
19871028 -207
19871113 -205
19871127 -194
19871214 -204
19871228 -201
19880114 -190
19880229 -201
19880328 -181
19880414 -215
19880428 -217
19880513 -221
19880527 -229
19880614 -232
19880628 -239
19880714 -216
19880728 -220
19880815 -225
19880829 -211
19880914 -221
19880928 -206
19881014 -198
19881028 -205
19881114 -201
19881128 -201
19881214 -195
19881228 -192
19890113 -195
19890127 -203
19890214 -209
19890228 -194
19890314 -194
19890328 -195
19890428 -205
19890516 -220
19890529 -232
19890614 -226
19890628 -232
19890714 -235
19890728 -240
19890814 -238
19890828 -227
19890914 -217
19890928 -231
19891013 -221
19891027 -250
19891114 -213
19891128 -215
19891228 -201
19900115 -206
19900129 -196
19900228 -195
19900314 -202
19900328 -212
19900413 -222
19900427 -224
19900515 -226
19900528 -234
19900614 -228
19900628 -231
19900713 -231
19900727 -241
19900914 -227
19900928 -213
19901015 -217
19901029 -205
19901128 -191
19901214 -193
19910114 -196
19910128 -210
19910214 -218
19910228 -204
19910314 -212
19910328 -225
19910415 -234
19910426 -228
19910514 -234
19910528 -235
19910614 -232
19910729 -228
19910814 -230
19910828 -236
19910913 -237
19910927 -223
19911014 -219
19911028 -219
19911128 -200
19911213 -215
19911230 -203
19920114 -199
19920128 -214
19920214 -203
19920228 -210
19920313 -203
19920327 -197
19920414 -221
19920428 -223
19920514 -218
19920527 -225
19920615 -229
19920629 -239
19920714 -217
19920728 -237
19920814 -211
19920828 -217
19920914 -216
19920928 -224
19921014 -229
19921228 -201
19930215 -206
19930301 -203
19930315 -219
19930329 -225
19930414 -222
19930428 -223
19930514 -231
19930528 -229
19930614 -228
19930628 -230
19930714 -220
19930813 -214
19930827 -221
19930914 -212
19931028 -209
19931129 -211
19940314 -208
19940328 -195
19940428 -215
19940517 -218
19940527 -218
19940614 -213
19940628 -222
19940714 -219
19940728 -226
19940815 -231
19940914 -213
19940928 -209
19941014 -208
19941128 -205
19950314 -192
19950315 -221
19950328 -192
19950418 -205
19950427 -207
19950515 -218
19950529 -212
19950614 -206
19950628 -217
19950713 -217
19950726 -221
19950814 -229
19950828 -229
19950914 -222
19950929 -205
19951014 -215
19951027 -218
19951114 -215
19951127 -213
19951214 -218
19951228 -211
19960116 -217
19960129 -229
19960227 -205
19960314 -221
19960326 -223
19960411 -229
19960425 -236
19960514 -240
19960529 -237
19960603 -240
19960627 -240
19960715 -236
19960725 -233
19960813 -227
19960828 -231
19960913 -223
19960927 -225
19961014 -212
19961028 -212
19961212 -204
19970128 -228
19970227 -210
19970313 -222
19970326 -212
19970414 -230
19970428 -228
19970514 -218
19970528 -223
19970616 -232
19970626 -227
19970715 -226
19970724 -223
19970818 -235
19970828 -230
19970911 -230
19970929 -234
19971028 -223
19971114 -217
19971127 -219
19971215 -208
19980114 -219
19980128 -211
19980216 -233
19980227 -220
19980326 -217
19980513 -228
19980528 -223
19980629 -214
19980714 -218
19980728 -221
19980814 -227
19980827 -221
19990428 -203
19990518 -222
19990528 -227
19990614 -226
19990630 -230
19990714 -233
19990728 -240
19990830 -228
19990914 -234
19990928 -231
19991014 -219
19991028 -223
19991115 -221
19991130 -210
20000114 -237
20000128 -238
20000214 -205
20000229 -238
20000314 -205
20000328 -211
20000413 -222
20000427 -246
20000515 -231
20000614 -213
20000628 -230
20000727 -222
20000814 -229
20000828 -226
20000914 -227
20000927 -226
20010628 -230
20010712 -231
20010726 -238
20010814 -213
20010827 -228
20011015 -213
20011029 -215
20011213 -210
20020114 -205
20020314 -213
20020328 -215
20020415 -226
20020426 -230
20020513 -217
20020613 -216
20020627 -219
20020715 -227
20020729 -232
20020814 -214
20020916 -223
20020926 -225
20021014 -220
20030228 -210
20030314 -211
20030327 -222
20030415 -228
20030428 -229
20030513 -223
20030514 -223
20030528 -210
20030613 -233
20030630 -237
20030714 -235
20030728 -244
20030814 -254
20030827 -241
20030929 -240
20031015 -230
20031028 -229
20031114 -207
20031128 -215
20031215 -207
20040127 -205
20040213 -205
20040315 -219
20040329 -215
20040415 -224
20040428 -237
20040517 -230
20040528 -238
20040614 -239
20040628 -234
20040714 -237
20040728 -227
20040813 -254
20040914 -225
20040928 -205
20041014 -220
20041027 -213
20041214 -217
20050228 -214
20050513 -218
20050529 -236
20050614 -230
20050628 -236
20050714 -224
20050728 -228
20050812 -225
20050829 -228
20050914 -228
20050928 -232
20051014 -230
20051028 -219
20051115 -220
20051215 -210
20060126 -214
20060214 -210
20060228 -213
20060314 -216
20060413 -223
20060428 -225
20060512 -242
20060614 -242
20060714 -250
20060728 -251
20060812 -231
20060913 -233
20060929 -232
20061013 -222
20061027 -212
20070328 -224
20070416 -240
20070427 -241
20070514 -228
20070529 -231
20070815 -222
20071015 -222
20071029 -228
