231
2
date -9999
head -9999
19561214 -297
19561228 -302
19570114 -307
19570128 -307
19570214 -301
19570228 -303
19570314 -305
19570328 -299
19570415 -310
19570429 -317
19570514 -314
19570528 -317
19570614 -322
19570628 -323
19570715 -322
19570729 -321
19570814 -314
19570828 -302
19570914 -303
19570928 -256
19571014 -287
19571028 -295
19571114 -305
19571128 -314
19571214 -313
19571228 -314
19580114 -294
19580128 -295
19580214 -301
19580228 -286
19580314 -293
19580328 -307
19580414 -320
19580428 -330
19580514 -313
19580528 -326
19580614 -332
19580628 -328
19580714 -328
19580728 -324
19580814 -325
19580828 -327
19580915 -338
19580929 -330
19581014 -333
19581028 -333
19581114 -328
19581128 -335
19581215 -329
19581229 -322
19590114 -307
19590128 -325
19590214 -328
19590228 -329
19590314 -339
19590331 -338
19590414 -337
19590428 -338
19590514 -335
19590528 -335
19590615 -337
19590629 -332
19590714 -335
19590728 -336
19590814 -324
19590828 -330
19590914 -332
19590928 -336
19591014 -335
19591028 -334
19591114 -330
19591128 -331
19591214 -332
19591228 -327
19600114 -324
19600128 -322
19600215 -308
19600229 -316
19600314 -323
19600328 -328
19600414 -334
19600428 -336
19600514 -337
19600528 -331
19600614 -331
19600628 -338
19600714 -332
19600728 -331
19600814 -326
19600829 -321
19600914 -323
19600928 -321
19601014 -309
19601028 -305
19601114 -308
19601128 -282
19601214 -270
19601228 -293
19610114 -290
19610128 -295
19610214 -293
19610228 -301
19610314 -308
19610328 -310
19610414 -316
19610428 -317
19610515 -320
19610529 -321
19610614 -326
19610628 -330
19610714 -332
19610728 -333
19610814 -330
19610828 -329
19610914 -320
19610927 -328
19611014 -331
19611028 -311
19611114 -315
19611128 -312
19611214 -280
19611228 -291
19620115 -305
19620129 -292
19620214 -305
19620228 -302
19620314 -301
19620328 -318
19620413 -314
19620427 -317
19620514 -322
19620528 -325
19620614 -329
19620628 -330
19620714 -335
19620727 -338
19620814 -338
19620828 -336
19620914 -336
19620928 -336
19621015 -337
19621029 -337
19621114 -334
19621128 -336
19621214 -332
19621228 -321
19630114 -334
19630128 -346
19630214 -356
19630228 -362
19630314 -357
19630328 -343
19630416 -339
19630429 -336
19630514 -334
19630528 -330
19630614 -333
19630628 -332
19630715 -335
19630729 -337
19630814 -341
19630828 -340
19630913 -326
19630927 -330
19631014 -329
19631028 -333
19631114 -333
19631128 -331
19631214 -329
19631227 -330
19640114 -342
19640128 -347
19640214 -344
19640228 -349
19640313 -350
19640326 -354
19640414 -354
19640428 -352
19640514 -350
19640614 -356
19640629 -355
19640714 -357
19640728 -359
19640814 -362
19640828 -361
19640914 -359
19640928 -360
19641014 -356
19641028 -348
19641113 -342
19641127 -347
19641214 -343
19641228 -335
19650114 -338
19650128 -337
19650215 -340
19650301 -346
19650315 -355
19650329 -357
19650414 -362
19650428 -363
19650514 -344
19650528 -350
19650614 -354
19650628 -358
19650714 -362
19650728 -365
19650813 -367
19650828 -370
19650914 -372
19650928 -368
19651014 -370
19651028 -370
19651115 -372
19651129 -365
19651214 -334
19651228 -325
19660114 -336
19660128 -355
19660214 -341
19660228 -333
19660314 -336
19660328 -345
19660414 -352
19660428 -355
19660513 -356
19660527 -358
19660614 -367
19660628 -369
19660714 -370
19660728 -357
