2196
2
date -9999
head -9999
19901130 -316
19901214 -322
19901228 -319
19910128 -319
19910301 -324
19910314 -326
19910328 -324
19910414 -329
19910429 -329
19910515 -328
19910530 -326
19910615 -323
19910701 -319
19910713 -319
19910731 -320
19910814 -324
19910831 -319
19911002 -329
19911015 -339
19911031 -338
19911115 -339
19911130 -339
19911213 -319
19911228 -319
19920114 -327
19920130 -326
19920328 -327
19920415 -328
19920501 -331
19920514 -326
19920601 -326
19920615 -331
19920701 -330
19920715 -329
19920731 -331
19920915 -323
19920930 -322
19921015 -329
19921102 -329
19921114 -323
19921201 -320
19921215 -319
19930102 -329
19930116 -324
19930201 -321
19930215 -323
19930226 -323
19930315 -329
19930401 -327
19930425 -323
19930501 -324
19930616 -332
19930701 -330
19930715 -329
19930802 -331
19930814 -323
19930901 -324
19930915 -323
19931001 -319
19931014 -329
19931030 -327
19931116 -323
19931130 -324
19931215 -330
19940102 -331
19940116 -324
19940202 -326
19940216 -321
19940226 -319
19940316 -323
19940401 -324
19940416 -324
19940502 -323
19940530 -326
19940616 -332
19940704 -333
19940715 -324
19940730 -329
19940815 -328
19940905 -326
19940915 -323
19941003 -326
19941016 -326
19941102 -327
19941114 -327
19941202 -337
19941215 -323
19950103 -322
19950115 -328
19950130 -329
19950215 -319
19950301 -320
19950315 -319
19950401 -321
19950416 -319
19950502 -320
19950516 -319
19950602 -321
19950616 -327
19950703 -326
19950716 -326
19950801 -328
19950814 -337
19950828 -339
19950913 -341
19950928 -338
19951013 -337
19951106 -343
19951116 -341
19951128 -344
19951214 -346
19951228 -342
19960115 -344
19960126 -341
19960214 -344
19960228 -337
19960315 -335
19960329 -336
19960416 -334
19960501 -334
19960529 -331
19960614 -335
19960627 -332
19960712 -329
19960726 -330
19960815 -329
19960827 -329
19960912 -328
19960927 -328
19961014 -329
19961028 -330
19961114 -321
19961128 -322
19961212 -312
19970113 -326
19970128 -331
19970214 -319
19970228 -315
19970314 -317
19970327 -319
19970414 -321
19970428 -320
19970514 -320
19970528 -316
19970627 -315
19970711 -313
19970728 -315
19970815 -320
19970828 -322
19970915 -328
19970929 -331
19971028 -330
19971113 -332
19971128 -332
19980114 -312
19980128 -313
19980213 -322
19980227 -323
19980316 -306
19980330 -311
19980415 -311
19980428 -310
19980629 -311
19980714 -315
19980729 -318
19980814 -322
19980827 -323
19980915 -303
19980928 -304
19981015 -311
19981113 -281
19981127 -295
19981214 -300
19981228 -296
19990114 -298
19990128 -299
19990215 -306
19990301 -304
19990315 -301
19990329 -307
19990414 -309
19990428 -314
19990518 -318
19990528 -321
19990614 -323
19990628 -325
19990714 -325
19990729 -330
19990816 -325
19990830 -324
19990913 -329
19990930 -330
19991015 -322
19991029 -325
19991115 -323
19991129 -319
19991215 -310
19991231 -295
20000114 -303
20000131 -315
20000214 -313
20000229 -303
20000305 -319
20000315 -300
20000329 -310
20000414 -316
20000503 -322
20000515 -323
20000605 -319
20000614 -319
20000629 -325
20000731 -326
20000814 -329
20000828 -332
20000927 -335
20001018 -336
20001115 -310
20001129 -306
20001213 -308
20010115 -310
20010130 -315
20010214 -303
20010228 -309
20010314 -317
20010328 -312
20010413 -319
20010427 -318
20010514 -320
20010528 -325
20010614 -329
20010628 -332
20010716 -333
20010730 -336
20010815 -327
20010827 -326
20010917 -320
20010926 -299
20011015 -308
20011029 -315
20011114 -218
20020114 -312
20020128 -306
20020214 -304
20020228 -291
20020312 -304
20020328 -314
20020415 -320
20020501 -323
20020513 -326
20020528 -329
20020613 -330
20020627 -332
20020715 -335
20020819 -335
20020829 -318
20020912 -327
20020927 -329
20021014 -330
20021029 -331
20021114 -313
20021128 -317
20030115 -306
20030201 -313
20030203 -310
20030205 -312
20030207 -312
20030209 -312
20030211 -315
20030213 -315
20030215 -318
20030217 -319
20030219 -318
20030221 -321
20030223 -322
20030225 -322
20030227 -323
20030301 -324
20030303 -325
20030305 -325
20030307 -326
20030309 -327
20030311 -327
20030313 -330
20030315 -331
20030317 -330
20030319 -330
20030321 -331
20030323 -331
20030325 -332
20030327 -332
20030329 -333
20030331 -334
20030402 -332
20030404 -334
20030406 -334
20030408 -334
20030410 -334
20030412 -335
20030414 -335
20030416 -337
20030418 -338
20030420 -337
20030422 -338
20030424 -333
20030426 -332
20030428 -331
20030430 -332
20030502 -332
20030504 -333
20030506 -334
20030508 -334
20030510 -333
20030512 -333
20030514 -333
20030516 -332
20030518 -333
20030520 -333
20030522 -333
20030524 -331
20030526 -332
20030528 -331
20030530 -331
20030601 -331
20030603 -331
20030605 -332
20030607 -332
20030609 -332
20030611 -333
20030613 -334
20030615 -335
20030617 -334
20030619 -335
20030621 -336
20030623 -335
20030625 -336
20030627 -336
20030629 -336
20030701 -334
20030703 -336
20030705 -337
20030707 -337
20030709 -337
20030711 -338
20030713 -339
20030715 -338
20030717 -339
20030719 -340
20030721 -341
20030723 -341
20030725 -340
20030727 -341
20030729 -342
20030731 -342
20030802 -343
20030804 -342
20030806 -342
20030808 -343
20030810 -341
20030812 -342
20030814 -342
20030816 -343
20030818 -341
20030820 -342
20030822 -342
20030824 -343
20030826 -344
20030827 -343
20030828 -345
20030829 -351
20030830 -346
20030831 -344
20030901 -346
20030902 -345
20030903 -347
20030904 -343
20030905 -346
20030906 -347
20030907 -346
20030908 -351
20030909 -345
20030910 -351
20030911 -344
20030912 -342
20030913 -345
20030914 -344
20030915 -345
20030916 -345
20030917 -346
20030918 -349
20030919 -345
20030920 -345
20030921 -346
20030922 -360
20030923 -344
20030924 -335
20030925 -345
20030926 -349
20030927 -345
20030928 -353
20030929 -345
20030930 -342
20031001 -344
20031002 -340
20031003 -344
20031004 -347
20031005 -344
20031006 -346
20031007 -341
20031008 -344
20031009 -342
20031010 -345
20031011 -342
20031012 -340
20031013 -342
20031014 -341
20031015 -343
20031016 -340
20031017 -342
20031018 -343
20031019 -341
20031020 -346
20031021 -342
20031022 -343
20031023 -342
20031024 -342
20031025 -343
20031026 -347
20031027 -344
20031028 -338
20031029 -341
20031030 -340
20031031 -339
20031101 -337
20031102 -342
20031103 -349
20031104 -345
20031105 -347
20031106 -345
20031107 -339
20031108 -343
20031109 -345
20031110 -344
20031111 -342
20031112 -343
20040213 -303
20040214 -303
20040215 -303
20040216 -304
20040217 -305
20040218 -304
20040219 -306
20040220 -306
20040221 -305
20040222 -308
20040223 -309
20040224 -309
20040225 -309
20040226 -308
20040227 -308
20040228 -310
20040229 -313
20040301 -314
20040302 -313
20040303 -313
20040304 -312
20040305 -313
20040306 -313
20040307 -314
20040308 -315
20040309 -315
20040310 -315
20040311 -315
20040312 -314
20040313 -316
20040314 -317
20040315 -319
20040316 -319
20040317 -319
20040318 -319
20040319 -316
20040320 -315
20040321 -315
20040322 -316
20040323 -316
20040324 -317
20040325 -317
20040326 -317
20040327 -317
20040328 -318
20040329 -318
20040330 -317
20040331 -317
20040401 -318
20040402 -319
20040403 -320
20040404 -320
20040405 -319
20040406 -319
20040407 -320
20040408 -321
20040409 -321
20040410 -321
20040411 -322
20040412 -323
20040413 -323
20040414 -323
20040415 -323
20040416 -322
20040417 -321
20040418 -320
20040419 -323
20040420 -324
20040421 -325
20040422 -326
20040423 -327
20040424 -327
20040425 -327
20040426 -326
20040427 -326
20040428 -327
20040429 -325
20040430 -325
20040501 -326
20040502 -325
20040503 -325
20040504 -323
20040505 -324
20040506 -326
20040507 -326
20040508 -326
20040509 -327
20040510 -327
20040511 -328
20040512 -327
20040513 -327
20040514 -328
20040515 -329
20040516 -329
20040517 -328
20040518 -329
20040519 -329
20040520 -329
20040521 -329
20040522 -330
20040523 -330
20040524 -330
20040525 -328
20040526 -328
20040527 -329
20040528 -329
20040529 -328
20040530 -328
20040531 -328
20040601 -328
20040602 -328
20040603 -329
20040604 -328
20040605 -329
20040606 -329
20040607 -329
20040608 -329
20040609 -330
20040610 -329
20040611 -330
20040612 -329
20040613 -331
20040614 -329
20040615 -329
20040616 -329
20040617 -329
20040618 -329
20040619 -330
20040620 -330
20040621 -331
20040622 -330
20040623 -329
20040624 -329
20040625 -330
20040626 -329
20040627 -330
20040628 -331
20040629 -331
20040630 -330
20040701 -331
20040702 -330
20040703 -329
20040704 -330
20040705 -331
20040706 -331
20040707 -330
20040708 -330
20040709 -329
20040710 -330
20040711 -329
20040712 -329
20040713 -329
20040714 -328
20040715 -329
20040716 -328
20040717 -328
20040718 -327
20040719 -328
20040720 -327
20040721 -326
20040722 -326
20040723 -327
20040724 -327
20040725 -327
20040726 -327
20040727 -328
20040728 -328
20040729 -329
20040730 -330
20040731 -330
20040801 -331
20040802 -330
20040803 -331
20040804 -331
20040805 -331
20040806 -332
20040807 -332
20040808 -331
20040809 -332
20040810 -333
20040811 -333
20040812 -332
20040813 -331
20040814 -333
20040815 -333
20040816 -331
20040817 -330
20040818 -330
20040819 -331
20040820 -331
20040821 -331
20040822 -332
20040823 -331
20040824 -330
20040825 -327
20040826 -326
20040827 -324
20040828 -324
20040829 -323
20040830 -322
20040831 -322
20040901 -321
20040902 -321
20040903 -322
20040904 -323
20040905 -322
20040906 -322
20040907 -323
20040908 -324
20040909 -324
20040910 -324
20040911 -324
20040912 -325
20040913 -324
20040914 -325
20040915 -327
20040916 -327
20040917 -327
20040918 -327
20040919 -328
20040920 -327
20040921 -329
20040922 -328
20040923 -328
20040924 -328
20040925 -328
20040926 -328
20040927 -327
20040928 -326
20040929 -326
20040930 -325
20041001 -325
20041002 -325
20041003 -325
20041004 -325
20041005 -325
20041006 -325
20041007 -326
20041008 -326
20041009 -326
20041010 -327
20041011 -327
20041012 -327
20041013 -327
20041014 -327
20041015 -326
20041016 -327
20041017 -328
20041018 -329
20041019 -329
20041020 -328
20041021 -330
20041022 -330
20041023 -330
20041024 -330
20041025 -330
20041026 -331
20041027 -329
20041028 -329
20041029 -330
20041030 -331
20041031 -332
20041101 -331
20041102 -331
20041103 -331
20041104 -331
20041105 -332
20041106 -331
20041107 -331
20041108 -330
20041109 -330
20041110 -330
20041111 -331
20041112 -330
20041113 -332
20041114 -332
20041115 -331
20041116 -331
20041117 -331
20041118 -330
20041119 -327
20041120 -324
20041121 -323
20041122 -321
20041123 -322
20041124 -322
20041125 -320
20041126 -320
20041127 -320
20041128 -319
20041129 -320
20041130 -320
20041201 -319
20041202 -320
20041203 -321
20041204 -323
20041205 -322
20041206 -322
20041207 -323
20041208 -324
20041209 -323
20041210 -323
20041211 -325
20041212 -324
20041213 -325
20041214 -325
20041215 -325
20041216 -323
20041217 -323
20041218 -324
20041219 -325
20041220 -326
20041221 -326
20041222 -325
20041223 -325
20041224 -323
20041225 -323
20041226 -324
20041227 -324
20041228 -323
20041229 -324
20041230 -322
20041231 -321
20050101 -320
20050102 -322
20050103 -322
20050104 -321
20050105 -321
20050106 -322
20050107 -321
20050108 -321
20050109 -322
20050110 -321
20050111 -321
20050112 -321
20050113 -322
20050114 -323
20050115 -322
20050116 -321
20050117 -321
20050118 -320
20050119 -322
20050120 -320
20050121 -320
20050122 -319
20050123 -318
20050124 -319
20050125 -319
20050126 -318
20050127 -317
20050128 -317
20050129 -318
20050130 -319
20050131 -319
20050201 -319
20050202 -319
20050203 -319
20050204 -319
20050205 -317
20050206 -319
20050207 -319
20050208 -319
20050209 -319
20050210 -319
20050211 -318
20050212 -313
20050213 -311
20050214 -310
20050215 -311
20050216 -311
20050217 -310
20050218 -309
20050219 -309
20050220 -309
20050221 -309
20050222 -309
20050223 -310
20050224 -311
20050225 -312
20050226 -312
20050227 -314
20050228 -313
20050301 -313
20050302 -313
20050303 -316
20050304 -314
20050305 -316
20050306 -318
20050307 -318
20050308 -318
20050309 -319
20050310 -318
20050311 -316
20050312 -316
20050313 -318
20050314 -319
20050315 -319
20050316 -320
20050317 -320
20050318 -321
20050319 -320
20050320 -320
20050321 -319
20050322 -319
20050323 -321
20050324 -321
20050325 -321
20050326 -320
20050327 -322
20050328 -321
20050329 -321
20050330 -322
20050331 -323
20050401 -323
20050402 -323
20050403 -324
20050404 -324
20050405 -324
20050406 -322
20050407 -322
20050408 -323
20050409 -324
20050410 -325
20050411 -325
20050412 -324
20050413 -323
20050414 -323
20050415 -324
20050416 -323
20050417 -323
20050418 -324
20050419 -325
20050420 -325
20050421 -325
20050422 -324
20050423 -323
20050424 -323
20050425 -323
20050426 -324
20050427 -325
20050428 -324
20050429 -325
20050430 -324
20050501 -323
20050502 -324
20050503 -324
20050504 -324
20050505 -325
20050506 -324
20050507 -324
20050508 -324
20050509 -325
20050510 -325
20050511 -326
20050512 -326
20050513 -325
20050514 -326
20050515 -327
20050516 -327
20050517 -327
20050518 -327
20050519 -327
20050520 -327
20050521 -326
20050522 -326
20050523 -328
20050524 -328
20050525 -329
20050526 -329
20050527 -329
20050528 -330
20050529 -329
20050530 -329
20050531 -329
20050601 -329
20050602 -329
20050603 -326
20050604 -327
20050605 -327
20050606 -328
20050607 -329
20050608 -329
20050609 -329
20050610 -328
20050611 -328
20050612 -327
20050613 -327
20050614 -329
20050615 -328
20050616 -329
20050617 -330
20050618 -330
20050619 -330
20050620 -330
20050621 -331
20050622 -332
20050623 -331
20050624 -331
20050625 -332
20050626 -332
20050627 -332
20050628 -331
20050629 -331
20050630 -330
20050701 -330
20050702 -329
20050703 -328
20050704 -324
20050705 -314
20050706 -321
20050707 -314
20050708 -308
20050709 -300
20050710 -295
20050711 -292
20050712 -295
20050713 -300
20050714 -306
20050715 -309
20050716 -307
20050717 -308
20050718 -317
20050719 -307
20050720 -307
20050721 -309
20050722 -312
20050723 -316
20050724 -324
20050725 -325
20050726 -314
20050727 -318
20050728 -318
20050729 -316
20050730 -317
20050731 -315
20050801 -307
20050802 -305
20050803 -307
20050804 -303
20050805 -314
20050806 -312
20050807 -315
20050808 -312
20050809 -315
20050810 -315
20050811 -315
20050812 -316
20050813 -313
20050814 -315
20050815 -303
20050816 -305
20050817 -308
20050818 -315
20050819 -315
20050820 -309
20050821 -307
20050822 -313
20050823 -311
20050824 -321
20050825 -328
20050826 -313
20050827 -311
20050828 -307
20050829 -305
20050830 -304
20050831 -317
20050901 -313
20050902 -301
20050903 -300
20050904 -308
20050905 -319
20050906 -323
20050907 -318
20050908 -318
20050909 -321
20050910 -323
20050911 -319
20050912 -310
20050913 -306
20050914 -312
20050915 -322
20050916 -318
20050917 -308
20050918 -304
20050919 -307
20050920 -308
20050921 -311
20050922 -315
20050923 -323
20050924 -316
20050925 -324
20050926 -317
20050927 -319
20050928 -316
20050929 -317
20050930 -318
20051001 -325
20051002 -312
20051003 -304
20051004 -305
20051005 -308
20051006 -311
20051007 -317
20051008 -317
20051009 -312
20051010 -316
20051011 -320
20051012 -321
20051013 -317
20051014 -307
20051015 -307
20051016 -310
20051017 -311
20051018 -319
20051019 -326
20051020 -328
20051021 -341
20051022 -337
20051023 -321
20051024 -327
20051025 -334
20051026 -318
20051027 -333
20051028 -333
20051029 -333
20051030 -333
20051031 -333
20051101 -333
20051102 -333
20051103 -333
20051104 -334
20051105 -335
20051106 -334
20051107 -335
20051108 -335
20051109 -336
20051110 -336
20051111 -335
20051112 -335
20051113 -336
20051114 -336
20051115 -335
20051116 -334
20051117 -335
20051118 -335
20051119 -335
20051120 -335
20051121 -334
20051122 -335
20051123 -335
20051124 -331
20051125 -327
20051126 -323
20051127 -322
20051128 -321
20051129 -322
20051130 -323
20051201 -321
20051202 -319
20051203 -320
20051204 -321
20051205 -320
20051206 -319
20051207 -319
20051208 -318
20051209 -320
20051210 -319
20051211 -319
20051212 -318
20051213 -319
20051214 -318
20051215 -317
20051216 -316
20051217 -317
20051218 -317
20051219 -317
20051220 -317
20051221 -318
20051222 -317
20051223 -317
20051224 -317
20051225 -318
20051226 -316
20051227 -317
20051228 -318
20051229 -318
20051230 -318
20051231 -317
20060101 -318
20060102 -321
20060103 -321
20060104 -321
20060105 -320
20060106 -321
20060107 -322
20060108 -322
20060109 -322
20060110 -323
20060111 -323
20060112 -325
20060113 -325
20060114 -325
20060115 -324
20060116 -324
20060117 -323
20060118 -325
20060119 -326
20060120 -326
20060121 -327
20060122 -329
20060123 -329
20060124 -328
20060125 -327
20060126 -328
20060127 -328
20060128 -329
20060129 -330
20060308 -329
20060309 -328
20060310 -326
20060311 -328
20060312 -328
20060313 -327
20060314 -326
20060315 -327
20060316 -327
20060317 -327
20060318 -326
20060319 -326
20060320 -326
20060321 -327
20060322 -327
20060323 -327
20060324 -327
20060325 -328
20060326 -328
20060327 -328
20060328 -328
20060329 -329
20060330 -328
20060331 -329
20060401 -329
20060402 -328
20060403 -329
20060404 -329
20060405 -328
20060406 -328
20060407 -328
20060408 -328
20060409 -328
20060410 -329
20060411 -329
20060412 -329
20060413 -329
20060414 -331
20060415 -329
20060416 -330
20060417 -330
20060418 -331
20060419 -331
20060420 -331
20060421 -332
20060422 -332
20060423 -332
20060424 -332
20060425 -332
20060426 -333
20060427 -333
20060428 -333
20060429 -333
20060430 -332
20060501 -333
20060502 -332
20060503 -333
20060504 -334
20060505 -334
20060506 -334
20060507 -334
20060508 -334
20060509 -335
20060510 -335
20060511 -335
20060512 -335
20060513 -335
20060514 -337
20060515 -336
20060516 -337
20060517 -337
20060518 -336
20060519 -335
20060520 -333
20060521 -334
20060522 -334
20060523 -336
20060524 -335
20060525 -335
20060526 -334
20060527 -334
20060528 -333
20060529 -332
20060530 -332
20060531 -332
20060601 -329
20060602 -331
20060603 -330
20060604 -329
20060605 -330
20060606 -331
20060607 -330
20060608 -330
20060609 -331
20060610 -331
20060611 -332
20060612 -332
20060613 -332
20060614 -332
20060615 -331
20060616 -331
20060617 -331
20060618 -330
20060619 -330
20060620 -331
20060621 -329
20060622 -330
20060623 -331
20060624 -331
20060625 -331
20060626 -331
20060627 -332
20060628 -332
20060629 -333
20060630 -333
20060701 -334
20060702 -333
20060703 -333
20060704 -333
20060705 -333
20060706 -334
20060707 -334
20060708 -334
20060709 -334
20060710 -335
20060711 -335
20060712 -335
20060713 -336
20060714 -337
20060715 -337
20060716 -337
20060717 -337
20060718 -337
20060719 -337
20060720 -337
20060721 -337
20060722 -337
20060723 -337
20060724 -337
20060725 -337
20060726 -338
20060727 -337
20060728 -337
20060729 -338
20060730 -339
20060731 -338
20060801 -337
20060802 -336
20060803 -336
20060804 -337
20060805 -337
20060806 -337
20060807 -337
20060808 -337
20060809 -337
20060810 -337
20060811 -336
20060812 -336
20060813 -335
20060814 -331
20060815 -331
20060816 -329
20060817 -328
20060818 -328
20060819 -329
20060820 -327
20060821 -327
20060822 -326
20060823 -324
20060824 -323
20060825 -322
20060826 -321
20060827 -320
20060828 -318
20060829 -317
20060830 -317
20060831 -317
20060901 -316
20060902 -316
20060903 -315
20060904 -317
20060905 -317
20060906 -316
20060907 -317
20060908 -318
20060909 -318
20060910 -318
20060911 -319
20060912 -319
20060913 -319
20060914 -319
20060915 -319
20060916 -321
20060917 -321
20060918 -321
20060919 -322
20060920 -323
20060921 -323
20060922 -323
20060923 -323
20060924 -324
20060925 -324
20060926 -326
20060927 -326
20060928 -326
20060929 -326
20060930 -327
20061001 -327
20061002 -326
20061003 -326
20061004 -326
20061005 -327
20061006 -326
20061007 -326
20061008 -326
20061009 -326
20061010 -327
20061011 -326
20061012 -327
20061013 -328
20061014 -327
20061015 -327
20061016 -327
20061017 -327
20061018 -326
20061019 -325
20061020 -326
20061021 -327
20061022 -327
20061023 -327
20061024 -324
20061025 -324
20061026 -323
20061027 -325
20061028 -324
20061029 -325
20061030 -324
20061031 -323
20061101 -325
20061102 -326
20061103 -325
20061104 -325
20061105 -325
20061106 -325
20061107 -325
20061108 -325
20061109 -327
20061110 -327
20061111 -324
20061112 -324
20061113 -321
20061114 -321
20061115 -321
20061116 -320
20061117 -320
20061118 -321
20061119 -320
20061120 -319
20061121 -317
20061122 -316
20061123 -314
20061124 -315
20061125 -313
20061126 -315
20061127 -315
20061128 -314
20061129 -316
20061130 -316
20061201 -315
20061202 -313
20061203 -312
20061204 -312
20061205 -312
20061206 -313
20061207 -310
20061208 -309
20061209 -311
20061210 -311
20061211 -309
20061212 -309
20061213 -309
20061214 -309
20061215 -309
20061216 -309
20061217 -309
20061218 -311
20061219 -312
20061220 -312
20061221 -313
20061222 -313
20061223 -313
20061224 -314
20061225 -314
20061226 -315
20061227 -315
20061228 -315
20061229 -315
20061230 -315
20061231 -316
20070101 -316
20070102 -316
20070103 -317
20070104 -315
20070105 -317
20070106 -316
20070107 -317
20070108 -314
20070109 -314
20070110 -314
20070111 -313
20070112 -314
20070113 -314
20070114 -316
20070115 -315
20070116 -315
20070117 -313
20070118 -308
20070119 -310
20070120 -307
20070121 -307
20070122 -307
20070123 -306
20070124 -306
20070125 -309
20070126 -307
20070127 -310
20070128 -308
20070129 -310
20070130 -310
20070131 -310
20070201 -312
20070202 -313
20070203 -314
20070204 -314
20070205 -312
20070206 -312
20070207 -312
20070208 -310
20070209 -314
20070210 -314
20070211 -312
20070212 -310
20070213 -313
20070214 -312
20070215 -313
20070216 -312
20070217 -312
20070218 -313
20070219 -313
20070220 -313
20070221 -313
20070222 -313
20070223 -313
20070224 -312
20070225 -313
20070226 -313
20070227 -312
20070228 -309
20070301 -307
20070302 -308
20070303 -307
20070304 -306
20070305 -305
20070306 -301
20070307 -299
20070308 -300
20070309 -299
20070310 -300
20070311 -299
20070312 -299
20070313 -301
20070314 -301
20070315 -301
20070316 -301
20070317 -302
20070318 -300
20070319 -300
20070320 -303
20070321 -303
20070322 -304
20070323 -304
20070324 -305
20070325 -307
20070326 -307
20070327 -307
20070328 -308
20070329 -309
20070330 -309
20070331 -311
20070401 -312
20070402 -313
20070403 -312
20070404 -313
20070405 -314
20070406 -315
20070407 -315
20070408 -315
20070409 -316
20070410 -317
20070411 -317
20070412 -318
20070413 -318
20070414 -319
20070415 -319
20070416 -320
20070417 -320
20070418 -321
20070419 -321
20070420 -321
20070421 -322
20070422 -322
20070423 -323
20070424 -323
20070425 -323
20070426 -323
20070427 -324
20070428 -324
20070429 -324
20070430 -324
20070501 -324
20070502 -325
20070503 -325
20070504 -325
20070505 -326
20070506 -326
20070507 -325
20070508 -324
20070509 -325
20070510 -324
20070511 -323
20070512 -323
20070513 -322
20070514 -324
20070515 -325
20070516 -324
20070517 -325
20070518 -324
20070519 -325
20070520 -325
20070521 -325
20070522 -326
20070523 -326
20070524 -326
20070525 -325
20070526 -325
20070527 -324
20070528 -324
20070529 -325
20070530 -325
20070531 -326
20070601 -326
20070602 -327
20070603 -327
20070604 -327
20070605 -327
20070606 -327
20070607 -327
20070608 -328
20070609 -327
20070610 -327
20070611 -326
20070612 -326
20070613 -326
20070614 -326
20070615 -324
20070616 -323
20070617 -323
20070618 -323
20070619 -323
20070620 -323
20070621 -323
20070622 -322
20070623 -320
20070624 -319
20070625 -317
20070626 -316
20070627 -315
20070628 -316
20070629 -315
20070630 -316
20070701 -315
20070702 -315
20070703 -314
20070704 -312
20070705 -309
20070706 -307
20070707 -308
20070708 -310
20070709 -310
20070710 -308
20070711 -307
20070712 -307
20070713 -307
20070714 -309
20070715 -308
20070716 -308
20070717 -306
20070718 -307
20070719 -308
20070720 -308
20070721 -307
20070722 -307
20070723 -305
20070724 -305
20070725 -305
20070726 -305
20070727 -307
20070728 -307
20070729 -303
20070730 -303
20070731 -302
20070801 -302
20070802 -303
20070803 -305
20070804 -306
20070805 -305
20070806 -307
20070807 -308
20070808 -310
20070809 -311
20070810 -311
20070811 -312
20070812 -312
20070813 -314
20070814 -313
20070815 -313
20070816 -315
20070817 -315
20070818 -315
20070819 -315
20070820 -315
20070821 -317
20070822 -317
20070823 -318
20070824 -320
20070825 -321
20070826 -321
20070827 -321
20070828 -321
20070829 -321
20070830 -322
20070831 -323
20070901 -323
20070902 -323
20070903 -323
20070904 -324
20070905 -325
20070906 -325
20070907 -326
20070908 -325
20070909 -326
20070910 -325
20070911 -327
20070912 -327
20070913 -327
20070914 -327
20070915 -328
20070916 -327
20070917 -327
20070918 -329
20070919 -329
20070920 -329
20070921 -329
20070922 -330
20070923 -330
20070924 -329
20070925 -329
20070926 -329
20070927 -329
20070928 -328
20070929 -329
20070930 -330
20071001 -330
20071002 -328
20071003 -327
20071004 -329
20071005 -328
20071006 -329
20071007 -328
20071008 -329
20071009 -329
20071010 -329
20071011 -329
20071012 -329
20071013 -330
20071014 -329
20071015 -329
20071016 -329
20071017 -330
20071018 -331
20071019 -332
20071020 -332
20071021 -331
20071022 -332
20071023 -332
20071024 -332
20071025 -332
20071026 -332
20071027 -333
20071028 -332
20071029 -333
20071030 -333
20071031 -334
20071101 -334
20071102 -335
20071103 -334
20071104 -335
20071105 -334
20071106 -335
20071107 -334
20071108 -333
20071109 -335
20071110 -334
20071111 -333
20071112 -334
20071113 -332
20071114 -333
20071115 -333
20071116 -332
20071117 -332
20071118 -329
20071119 -330
20071120 -331
20071121 -331
20071122 -331
20071123 -334
20071124 -333
20071125 -333
20071126 -335
20071127 -335
20071128 -334
20071129 -333
20071130 -333
20071201 -333
20071202 -331
20071203 -331
20071204 -332
20071205 -330
20071206 -328
20071207 -326
20071208 -325
20071209 -322
20071210 -324
20071211 -325
20071212 -325
20071213 -325
20071214 -324
20071215 -323
20071216 -323
20071217 -323
20071218 -324
20071219 -324
20071220 -324
20071221 -324
20071222 -324
20071223 -325
20071224 -325
20071225 -324
20071226 -326
20071227 -327
20071228 -327
20071229 -327
20071230 -329
20071231 -330
20080101 -329
20080102 -329
20080103 -328
20080104 -329
20080105 -329
20080106 -331
20080107 -331
20080108 -331
20080109 -331
20080110 -331
20080111 -329
20080112 -331
20080113 -330
20080114 -328
20080115 -327
20080116 -328
20080117 -328
20080118 -329
20080119 -329
20080120 -326
20080121 -324
20080122 -325
20080123 -323
20080124 -323
20080125 -324
20080126 -323
20080127 -323
20080128 -323
20080129 -322
20080130 -322
20080131 -320
20080201 -320
20080202 -322
20080203 -321
20080204 -320
20080205 -321
20080206 -323
20080508 -332
20080509 -333
20080510 -333
20080511 -333
20080512 -333
20080513 -333
20080514 -333
20080515 -333
20080516 -333
20080517 -333
20080518 -333
20080519 -334
20080520 -334
20080521 -334
20080522 -334
20080523 -334
20080524 -333
20080525 -334
20080526 -334
20080527 -334
20080528 -333
20080529 -333
20080530 -334
20080531 -335
20080601 -334
20080602 -335
20080603 -334
20080604 -335
20080605 -335
20080606 -335
20080607 -335
20080608 -336
20080609 -336
20080610 -336
20080611 -336
20080612 -336
20080613 -336
20080614 -336
20080615 -336
20080616 -336
20080617 -337
20080618 -337
20080619 -337
20080620 -338
20080621 -338
20080622 -338
20080623 -339
20080624 -339
20080625 -339
20080626 -339
20080627 -339
20080628 -339
20080629 -339
20080630 -340
20080701 -339
20080702 -339
20080703 -339
20080704 -340
20080705 -339
20080706 -338
20080707 -338
20080708 -338
20080709 -339
20080710 -336
20080711 -336
20080712 -336
20080713 -336
20080714 -337
20080715 -336
20080716 -336
20080717 -335
20080718 -334
20080719 -333
20080720 -334
20080721 -333
20080722 -334
20080723 -334
20080724 -333
20080725 -333
20080726 -333
20080727 -333
20080728 -333
20080729 -332
20080730 -332
20080731 -332
20080801 -332
20080802 -332
20080803 -332
20080804 -331
20080805 -332
20080806 -331
20080807 -328
20080808 -327
20080809 -325
20080810 -324
20080811 -324
20080812 -323
20080813 -324
20080814 -326
20080815 -326
20080816 -326
20080817 -325
20080818 -325
20080819 -325
20080820 -325
20080821 -326
20080822 -326
20080823 -326
20080824 -326
20080825 -327
20080826 -327
20080827 -328
20080828 -328
20080829 -329
20080830 -328
20080831 -328
20080901 -329
20080902 -328
20080903 -328
20080904 -329
20080905 -328
20080906 -329
20080907 -330
20080908 -330
20080909 -330
20080910 -331
20080911 -330
20080912 -331
20080913 -331
20080914 -331
20080915 -331
20080916 -331
20080917 -332
20080918 -331
20080919 -332
20080920 -333
20080921 -332
20080922 -332
20080923 -332
20080924 -333
20080925 -334
20080926 -334
20080927 -334
20080928 -333
20080929 -332
20080930 -331
20081001 -331
20081002 -331
20081003 -330
20081004 -330
20081005 -328
20081006 -328
20081007 -326
20081008 -327
20081009 -328
20081010 -327
20081011 -327
20081012 -326
20081013 -326
20081014 -327
20081015 -325
20081016 -326
20081017 -327
20081018 -327
20081019 -327
20081020 -326
20081021 -327
20081022 -328
20081023 -328
20081024 -328
20081025 -328
20081026 -328
20081027 -326
20081028 -326
20081029 -325
20081030 -324
20081031 -325
20081101 -324
20081102 -326
20081103 -326
20081104 -327
20081105 -326
20081106 -326
20081107 -326
20081108 -327
20081109 -327
20081110 -327
20081111 -326
20081112 -326
20081113 -325
20081114 -324
20081115 -324
20081116 -324
20081117 -325
20081118 -323
20081119 -323
20081120 -323
20081121 -323
20081122 -323
20081123 -319
20081124 -321
20081125 -321
20081126 -321
20081127 -319
20081128 -318
20081129 -318
20081130 -317
20081201 -319
20081202 -318
20081203 -317
20081204 -313
20081205 -315
20081206 -317
20081207 -318
20081208 -317
20081209 -316
20081210 -316
20081211 -315
20081212 -316
20081213 -315
20081214 -315
20081215 -318
20081216 -318
20081217 -318
20081218 -319
20081219 -320
20081220 -320
20081221 -320
20081222 -321
20081223 -321
20081224 -320
20081225 -321
20081226 -321
20081227 -321
20081228 -321
20081229 -322
20081230 -322
20081231 -322
20090101 -323
20090102 -324
20090103 -324
20090104 -323
20090105 -324
20090106 -325
20090107 -324
20090108 -326
20090109 -326
20090110 -325
20090111 -326
20090112 -326
20090113 -326
20090114 -326
20090115 -327
20090116 -328
20090117 -327
20090118 -325
20090119 -324
20090120 -327
20090121 -328
20090122 -325
20090123 -320
20090124 -323
20090125 -322
20090126 -323
20090127 -324
20090128 -323
20090129 -324
20090130 -324
20090131 -323
20090201 -323
20090202 -323
20090203 -324
20090204 -323
20090205 -323
20090206 -324
20090207 -324
20090208 -326
20090209 -326
20090210 -324
20090211 -324
20090212 -323
20090213 -323
20090214 -324
20090215 -323
20090216 -321
20090217 -321
20090218 -321
20090219 -321
20090220 -321
20090221 -321
20090222 -320
20090223 -320
20090224 -322
20090225 -321
20090226 -320
20090227 -320
20090228 -320
20090301 -320
20090302 -322
20090303 -321
20090304 -320
20090305 -321
20090306 -323
20090307 -324
20090308 -323
20090309 -325
20090310 -323
20090311 -327
20090312 -326
20090313 -326
20090314 -326
20090315 -328
20090316 -329
20090317 -329
20090318 -329
20090319 -329
20090320 -329
20090321 -329
20090322 -329
20090323 -327
20090324 -327
20090325 -325
20090326 -326
20090327 -325
20090328 -325
20090329 -326
20090330 -326
20090331 -326
20090401 -325
20090402 -325
20090403 -325
20090404 -326
20090405 -327
20090406 -325
