450
2
date -9999
head -9999
19710205 -400
19710315 -404
19710330 -403
19710415 -410
19710428 -416
19710528 -373
19710614 -356
19710630 -356
19710715 -362
19710731 -345
19710816 -351
19710901 -349
19710920 -349
19711004 -350
19711020 -350
19711104 -358
19711117 -348
19711209 -350
19711220 -346
19711231 -354
19720118 -355
19720208 -333
19720222 -326
19720301 -327
19720320 -317
19720404 -308
19720419 -314
19720509 -322
19720518 -315
19720603 -308
19720624 -302
19720705 -316
19720717 -320
19720802 -327
19720822 -316
19720918 -321
19721010 -325
19721216 -301
19730119 -301
19730216 -299
19730420 -303
19730618 -320
19730728 -309
19730814 -314
19730828 -299
19730914 -297
19730921 -311
19730928 -299
19731015 -292
19731029 -288
19731115 -288
19731129 -288
19731214 -279
19731228 -298
19740114 -303
19740128 -275
19740214 -282
19740228 -285
19740320 -283
19740328 -288
19740416 -293
19740501 -290
19740514 -299
19740528 -288
19740614 -288
19740628 -288
19740717 -310
19740730 -302
19740814 -308
19740828 -303
19740916 -315
19740928 -306
19741014 -303
19741028 -278
19741114 -278
19741128 -278
19741216 -271
19741230 -269
19750114 -274
19750128 -280
19750214 -291
19750228 -291
19750317 -285
19750403 -285
19750414 -284
19750428 -289
19750514 -291
19750528 -289
19750616 -289
19750628 -297
19750714 -293
19750814 -289
19750828 -295
19750915 -289
19751002 -299
19751028 -289
19751128 -289
19751229 -283
19760216 -280
19760228 -287
19760315 -280
19760329 -282
19760414 -289
19760428 -289
19760518 -282
19760528 -292
19760614 -299
19760628 -289
19760716 -311
19760730 -304
19760816 -323
19760827 -326
19760917 -318
19760928 -315
19761015 -309
19761029 -304
19761115 -311
19761129 -309
19761214 -309
19761228 -302
19770115 -299
19770128 -295
19770214 -296
19770228 -300
19770314 -313
19770328 -301
19770420 -315
19770428 -309
19770514 -311
19770531 -309
19770614 -313
19770628 -313
19770714 -321
19770728 -313
19770815 -300
19770830 -301
19770919 -306
19771003 -307
19771014 -309
19771028 -309
19771114 -302
19771128 -297
19771214 -303
19771228 -296
19780116 -296
19780130 -298
19780214 -301
19780228 -301
19780320 -302
19780331 -304
19780428 -309
19780529 -310
19780614 -315
19780628 -320
19780717 -308
19780814 -309
19780828 -309
19780914 -312
19780929 -311
19781016 -307
19781030 -307
19781116 -309
19781130 -313
19781214 -311
19781228 -290
19790115 -297
19790202 -296
19790228 -283
19790314 -293
19790328 -294
19790514 -296
19790528 -296
19790614 -301
19790628 -328
19790713 -303
19790730 -297
19790814 -305
19790828 -304
19790914 -309
19790928 -310
19791015 -304
19791029 -312
19791114 -301
19791128 -307
19791214 -299
19791228 -295
19800118 -293
19800128 -298
19800214 -292
19800228 -299
19800327 -297
19800414 -295
19800514 -309
19800616 -315
19800627 -317
19800714 -303
19800802 -304
19800915 -303
19801016 -307
19801029 -305
19801114 -307
19801204 -305
19801216 -305
19801229 -297
19810116 -290
19810128 -302
19810216 -296
19810302 -295
19810316 -285
19810330 -290
19810414 -299
19810514 -309
19810529 -304
19810615 -306
19810629 -305
19810714 -313
19810729 -313
19810814 -318
19810914 -313
19810928 -306
19811016 -310
19811028 -297
19811202 -289
19820102 -282
19820114 -295
19820128 -298
19820215 -296
19820301 -295
19820329 -297
19820414 -307
19820517 -308
19820601 -303
19820614 -309
19820628 -307
19820714 -317
19820728 -317
19820816 -311
19820830 -306
19820917 -311
19820928 -309
19821014 -296
19821025 -299
19821115 -302
19821129 -304
19821216 -302
19821228 -298
19830116 -287
19830131 -288
19830218 -299
19830304 -301
19830314 -299
19830328 -294
19830418 -293
19830428 -293
19830502 -281
19830602 -294
19830628 -304
19830715 -304
19830801 -309
19830815 -309
19830829 -307
19830914 -303
19830930 -294
19831014 -298
19831031 -296
19831114 -308
19831128 -305
19831214 -292
19831228 -288
19840116 -281
19840130 -276
19840330 -294
19840414 -295
19840503 -296
19840514 -300
19840601 -299
19840628 -307
19840716 -295
19840728 -300
19840817 -299
19840914 -299
19841016 -292
19841115 -342
19841217 -309
19850314 -297
19850415 -294
19850619 -302
19850729 -344
19850919 -291
19851118 -292
19851129 -291
19860128 -274
19860415 -283
19860728 -298
19860828 -298
19860929 -296
19861028 -291
19861128 -285
19861229 -276
19870128 -282
19870227 -280
19870327 -279
19870428 -287
19870527 -285
19870629 -283
19870728 -280
19870828 -284
19870928 -284
19871028 -283
19871128 -279
19871228 -277
19880128 -267
19880229 -271
19880328 -269
19880428 -281
19880527 -285
19880628 -291
19880728 -287
19880829 -291
19880928 -287
19881028 -294
19881128 -287
19881228 -283
19890127 -291
19890228 -285
19890328 -284
19890428 -287
19890529 -295
19890628 -294
19890728 -298
19890828 -303
19890928 -302
19891027 -295
19891128 -305
19891228 -317
19900129 -290
19900228 -290
19900328 -291
19900427 -297
19900528 -300
19900628 -293
19900727 -259
19900828 -305
19900928 -301
19901029 -311
19901128 -295
19901228 -282
19910228 -290
19910328 -299
19910429 -297
19910528 -307
19910628 -294
19910729 -303
19910828 -305
19910927 -304
19911028 -300
19911128 -298
19920128 -299
19920228 -293
19920327 -293
19920428 -299
19920527 -296
19920629 -304
19920728 -310
19920828 -299
19920928 -292
19921028 -298
19921127 -281
19921228 -285
19930128 -290
19930301 -291
19930329 -300
19930528 -323
19930728 -294
19930827 -294
19930928 -289
19931028 -297
19931129 -291
19931228 -275
19940128 -279
19940228 -292
19940428 -284
19940527 -293
19940628 -299
19940728 -305
19940829 -298
19940928 -295
19941018 -291
19941028 -283
19941128 -287
19941228 -278
19950127 -277
19950228 -275
19950328 -285
19950428 -290
19950529 -298
19950628 -300
19950728 -300
19950828 -309
19950928 -306
19951027 -321
19951128 -322
19951228 -308
19960228 -306
19960328 -310
19960429 -322
19960528 -323
19960628 -312
19960729 -309
19960828 -306
19960927 -306
19961028 -291
19961128 -297
19970128 -301
19970228 -298
19970327 -304
19970428 -296
19970627 -295
19970728 -292
19970828 -306
19970929 -307
19971028 -303
19980128 -294
19980227 -286
19980327 -294
19980528 -300
19980728 -302
19980828 -283
19981028 -287
19981127 -284
19981228 -282
19990128 -280
19990301 -279
19990329 -280
19990507 -290
19990528 -296
19990628 -294
19990728 -296
19990928 -298
19991028 -311
19991129 -291
19991228 -284
20000128 -291
20000328 -287
20000428 -296
20000529 -291
20000728 -297
20000828 -301
20000928 -307
20001027 -296
