1696
2
date -9999
head -9999
19911114 -378
19911128 -388
19911213 -393
19911228 -393
19920114 -391
19920128 -393
19920214 -393
19920228 -393
19920314 -393
19920328 -391
19920414 -393
19920428 -393
19920514 -393
19920527 -393
19920714 -398
19920728 -398
19920914 -388
19920928 -389
19921014 -395
19921028 -388
19921113 -384
19921127 -378
19921214 -373
19921228 -381
19930114 -383
19930128 -380
19930215 -388
19930227 -388
19930315 -393
19930327 -393
19930414 -393
19930428 -394
19930614 -398
19930628 -398
19930714 -393
19930728 -388
19930814 -388
19930828 -388
19930914 -388
19930928 -383
19931014 -383
19931028 -388
19931115 -386
19931129 -388
19931214 -378
19931228 -378
19940114 -368
19940128 -373
19940214 -383
19940228 -383
19940314 -388
19940328 -388
19940414 -383
19940428 -385
19940514 -383
19940520 -385
19940528 -393
19940614 -393
19940628 -398
19940714 -400
19940728 -403
19940815 -403
19940829 -403
19940914 -398
19940928 -388
19941014 -388
19941028 -388
19941114 -388
19941128 -388
19941214 -388
19941228 -378
19950113 -373
19950128 -363
19950214 -368
19950228 -368
19950314 -368
19950328 -373
19950414 -388
19950428 -385
19950515 -388
19950529 -388
19950614 -388
19950628 -391
19950714 -388
19950728 -393
19950814 -398
19950828 -398
19950914 -398
19950928 -393
19951013 -398
19951028 -396
19951114 -398
19951128 -397
19951214 -396
19951228 -398
19960113 -398
19960129 -398
19960214 -388
19960228 -393
19960314 -388
19960328 -388
19960413 -393
19960427 -393
19960514 -388
19960528 -393
19960614 -393
19960628 -391
19960714 -388
19960729 -388
19960814 -393
19960828 -388
19960914 -391
19960928 -388
19961014 -388
19961028 -388
19961114 -385
19961128 -378
19961214 -383
19961228 -383
19970114 -393
19970128 -398
19970214 -388
19970228 -388
19970314 -391
19970328 -388
19970414 -391
19970428 -388
19970514 -388
19970528 -383
19970614 -383
19970628 -383
19970714 -383
19970728 -383
19970814 -388
19970828 -393
19970915 -388
19970929 -393
19971014 -393
19971028 -393
19971114 -393
19971128 -393
19971215 -388
19971227 -388
19980114 -378
19980128 -378
19980214 -388
19980228 -373
19980314 -373
19980328 -373
19980414 -373
19980428 -378
19980514 -378
19980528 -378
19980614 -373
19980629 -373
19981014 -369
19981028 -361
19981115 -353
19981129 -358
19981215 -362
19981229 -360
19990114 -358
19990128 -358
19990215 -365
19990301 -363
19990315 -364
19990329 -369
19990414 -373
19990428 -368
19990514 -382
19990528 -379
19990615 -380
19990629 -382
19990715 -384
19990729 -389
19990814 -382
19990828 -383
19990915 -385
19990929 -385
19991015 -380
19991029 -382
19991114 -380
19991128 -376
19991214 -369
20000329 -370
20000414 -375
20000428 -381
20000514 -388
20000528 -381
20000615 -385
20000628 -385
20000714 -382
20000728 -386
20000815 -389
20000829 -391
20000914 -391
20000918 -389
20000920 -390
20000922 -393
20000924 -392
20000926 -392
20000928 -390
20000930 -391
20001002 -391
20001004 -393
20001006 -393
20001008 -391
20001010 -385
20001012 -387
20001014 -391
20001016 -388
20001018 -390
20001020 -389
20001022 -389
20001024 -388
20001026 -387
20001028 -387
20001030 -380
20001101 -382
20001103 -381
20001105 -382
20001107 -377
20001109 -378
20001111 -373
20001113 -371
20001115 -369
20001117 -368
20001119 -369
20001121 -369
20001123 -369
20001125 -369
20001127 -366
20001129 -368
20001201 -367
20001203 -366
20001205 -368
20010312 -361
20010314 -362
20010316 -363
20010318 -362
20010320 -364
20010322 -363
20010324 -361
20010326 -363
20010328 -362
20010330 -363
20010401 -365
20010403 -364
20010405 -365
20010407 -363
20010409 -364
20010411 -366
20010413 -368
20010415 -363
20010417 -365
20010419 -364
20010421 -365
20010423 -364
20010425 -364
20010427 -366
20010429 -365
20010501 -366
20010503 -365
20010505 -367
20010507 -369
20010509 -369
20010511 -370
20010513 -369
20010515 -369
20010517 -369
20010519 -372
20010521 -373
20010523 -372
20010525 -373
20010527 -374
20010529 -374
20010531 -374
20010602 -372
20010604 -374
20010606 -373
20010608 -375
20010610 -376
20010612 -376
20010614 -377
20010616 -376
20010618 -378
20010620 -377
20010621 -376
20010623 -377
20010625 -379
20010627 -378
20010629 -380
20010701 -381
20010703 -380
20010705 -380
20010707 -378
20010709 -378
20010711 -378
20010713 -378
20010715 -379
20010717 -378
20010719 -377
20010721 -379
20010723 -380
20010725 -380
20010727 -381
20010729 -382
20010731 -383
20010802 -381
20010804 -382
20010806 -378
20010808 -376
20010810 -377
20010812 -374
20010814 -375
20010816 -375
20010818 -374
20010820 -375
20010822 -377
20010824 -376
20010826 -377
20010828 -376
20010830 -376
20010901 -376
20010903 -375
20010905 -374
20010907 -373
20010909 -372
20010911 -372
20010913 -368
20010915 -369
20010917 -367
20010919 -360
20010921 -358
20010923 -354
20010925 -352
20010927 -351
20010929 -349
20011001 -349
20011003 -350
20011005 -352
20011007 -352
20011009 -354
20011010 -354
20011012 -356
20011014 -357
20011016 -359
20011018 -358
20011020 -358
20011022 -360
20011024 -362
20011026 -361
20011028 -363
20011030 -363
20011101 -366
20011103 -366
20011105 -366
20011107 -363
20011109 -364
20011111 -365
20011113 -364
20011115 -367
20011117 -367
20011119 -365
20011121 -365
20011123 -366
20011125 -364
20011127 -361
20011129 -360
20011201 -359
20011203 -359
20011205 -356
20011207 -360
20011209 -360
20011211 -359
20011213 -359
20011215 -360
20011217 -360
20011219 -359
20011221 -354
20011223 -356
20011225 -352
20011227 -351
20011229 -350
20011231 -353
20020102 -354
20020104 -355
20020106 -355
20020108 -356
20020110 -356
20020112 -357
20020114 -357
20020116 -361
20020118 -362
20020120 -360
20020122 -360
20020124 -360
20020126 -358
20020128 -359
20020130 -358
20020201 -359
20020203 -359
20020205 -356
20020207 -359
20020209 -356
20020211 -356
20020213 -358
20020215 -360
20020217 -358
20020219 -358
20020221 -358
20020223 -354
20020225 -353
20020227 -350
20020301 -352
20020303 -354
20020305 -354
20020307 -356
20020309 -355
20020311 -357
20020313 -359
20020315 -359
20020317 -360
20020319 -361
20020321 -366
20020323 -369
20020325 -369
20020327 -369
20020329 -368
20020331 -368
20020402 -369
20020404 -369
20020406 -371
20020408 -373
20020410 -372
20020412 -372
20020414 -373
20020416 -374
20020418 -374
20020420 -377
20020422 -377
20020424 -377
20020426 -374
20020428 -373
20020430 -374
20020502 -376
20020504 -377
20020506 -378
20020508 -375
20020510 -376
20020512 -377
20020514 -378
20020516 -379
20020518 -379
20020520 -379
20020522 -376
20020524 -378
20020526 -378
20020528 -379
20020530 -382
20020601 -381
20020603 -380
20020605 -376
20020607 -378
20020609 -379
20020611 -375
20020613 -377
20020615 -378
20020617 -379
20020619 -373
20020621 -375
20020623 -378
20020625 -375
20020627 -381
20020629 -375
20020701 -382
20020703 -388
20020705 -382
20020707 -375
20020709 -384
20020711 -375
20020713 -382
20020715 -380
20020717 -380
20020719 -378
20020721 -380
20020723 -386
20020725 -382
20020727 -380
20020729 -378
20020731 -381
20020802 -380
20020804 -381
20020806 -382
20020808 -379
20020810 -379
20020812 -379
20020814 -380
20020816 -380
20020818 -384
20020820 -380
20020822 -378
20020824 -376
20020826 -371
20020828 -368
20020830 -371
20020901 -365
20020903 -372
20020904 -370
20020906 -371
20020908 -371
20020910 -373
20020912 -373
20020914 -374
20020916 -375
20020918 -374
20020920 -376
20020922 -374
20020924 -377
20020926 -376
20020928 -377
20020930 -378
20021002 -377
20021004 -379
20021006 -377
20021008 -377
20021010 -377
20021012 -378
20021014 -377
20021016 -377
20021018 -378
20021020 -379
20021022 -373
20021024 -377
20021026 -378
20021028 -378
20021030 -376
20021101 -376
20021103 -373
20021105 -375
20021107 -372
20021109 -368
20021111 -367
20021113 -363
20021115 -364
20021117 -367
20021119 -369
20021121 -365
20021123 -368
20021125 -368
20021127 -369
20021129 -370
20021201 -369
20021203 -371
20021205 -372
20021207 -373
20021209 -374
20021211 -374
20021213 -374
20021215 -372
20021217 -374
20021219 -375
20021221 -375
20021223 -372
20021225 -371
20021227 -367
20021229 -367
20021231 -368
20030102 -358
20030104 -362
20030106 -361
20030108 -361
20030110 -363
20030112 -364
20030114 -363
20030116 -365
20030118 -365
20030120 -361
20030122 -361
20030124 -368
20030126 -365
20030128 -363
20030130 -362
20030201 -364
20030203 -359
20030205 -362
20030207 -364
20030209 -364
20030211 -366
20030213 -366
20030215 -368
20030217 -368
20030219 -366
20030221 -368
20030223 -369
20030225 -369
20030227 -369
20030301 -370
20030303 -371
20030305 -371
20030307 -373
20030309 -373
20030311 -372
20030313 -377
20030315 -378
20030317 -376
20030319 -376
20030321 -377
20030323 -378
20030325 -378
20030327 -377
20030329 -378
20030331 -380
20030402 -376
20030404 -379
20030406 -380
20030408 -380
20030410 -378
20030412 -380
20030414 -381
20030416 -383
20030418 -384
20030420 -382
20030422 -382
20030424 -382
20030426 -380
20030428 -379
20030430 -380
20030502 -380
20030504 -381
20030506 -383
20030508 -383
20030510 -383
20030512 -382
20030514 -382
20030516 -381
20030518 -381
20030520 -382
20030522 -394
20030524 -392
20030526 -394
20030528 -393
20030530 -392
20030601 -392
20030603 -393
20030605 -395
20030607 -394
20030609 -395
20030611 -396
20030613 -397
20030615 -398
20030617 -397
20030619 -398
20030621 -398
20030623 -397
20030625 -400
20030627 -399
20030629 -399
20030701 -396
20030703 -397
20030705 -398
20030707 -398
20030709 -399
20030711 -399
20030713 -400
20030715 -399
20030717 -400
20030719 -401
20030721 -401
20030723 -401
20030725 -401
20030727 -400
20030729 -402
20030731 -403
20030802 -404
20030804 -406
20030806 -406
20030808 -406
20030810 -405
20030812 -406
20030814 -405
20030816 -406
20030818 -405
20030820 -406
20030822 -405
20030824 -406
20030826 -405
20030828 -404
20030830 -404
20030901 -404
20030903 -406
20030905 -404
20030907 -403
20030909 -402
20030911 -402
20030913 -404
20030915 -402
20030917 -402
20030919 -402
20030921 -401
20030923 -399
20030925 -401
20030927 -400
20030929 -399
20031001 -398
20031003 -397
20031005 -398
20031007 -395
20031009 -396
20031011 -397
20031013 -397
20031015 -399
20031017 -398
20031019 -396
20031021 -397
20031023 -398
20031025 -397
20031027 -398
20031029 -395
20031031 -392
20031102 -394
20031104 -398
20031106 -399
20031108 -397
20031110 -397
20031112 -396
20031113 -396
20031115 -394
20031117 -394
20031119 -394
20031121 -392
20031123 -391
20031125 -391
20031127 -390
20031129 -390
20031201 -389
20031203 -392
20031205 -393
20031207 -393
20031209 -390
20031211 -390
20031213 -387
20031215 -389
20031217 -389
20031219 -387
20031221 -385
20031223 -386
20031225 -385
20031227 -382
20031229 -381
20031231 -384
20040102 -382
20040104 -381
20040106 -379
20040108 -377
20040110 -378
20040112 -375
20040114 -374
20040116 -373
20040118 -377
20040120 -373
20040122 -370
20040124 -369
20040126 -368
20040128 -367
20040130 -369
20040201 -368
20040203 -369
20040205 -368
20040207 -366
20040209 -369
20040211 -368
20040213 -368
20040215 -367
20040217 -367
20040219 -368
20040221 -367
20040223 -369
20040225 -368
20040227 -367
20040229 -372
20040302 -374
20040304 -372
20040306 -372
20040308 -374
20040310 -374
20040312 -372
20040314 -374
20040316 -377
20040318 -376
20040320 -372
20040322 -374
20040324 -375
20040326 -376
20040328 -376
20040330 -376
20040401 -377
20040403 -378
20040405 -378
20040407 -378
20040409 -379
20040411 -381
20040413 -381
20040415 -381
20040417 -379
20040419 -379
20040421 -382
20040423 -384
20040425 -385
20040427 -384
20040429 -382
20040501 -382
20040503 -382
20040505 -380
20040507 -382
20040509 -383
20040511 -386
20040513 -387
20040515 -388
20040517 -387
20040519 -388
20040521 -387
20040523 -389
20040525 -386
20040527 -386
20040529 -386
20040531 -386
20040602 -387
20040604 -386
20040606 -387
20040608 -387
20040610 -388
20040612 -387
20040614 -389
20040616 -388
20040618 -387
20040620 -388
20040622 -388
20040624 -385
20040626 -388
20040628 -389
20040630 -387
20040702 -386
20040704 -387
20040706 -388
20040708 -386
20040710 -386
20040712 -385
20040714 -386
20040716 -386
20040718 -385
20040720 -384
20040722 -385
20040724 -386
20040726 -385
20040728 -386
20040730 -386
20040801 -387
20040803 -386
20040805 -387
20040807 -388
20040809 -388
20040811 -388
20040813 -386
20040815 -388
20040817 -384
20040819 -384
20040821 -385
20040823 -385
20040825 -381
20040827 -380
20040829 -380
20040831 -379
20040902 -379
20040904 -381
20040906 -381
20040908 -382
20040909 -382
20040911 -380
20040913 -380
20040915 -382
20040917 -383
20040919 -383
20040921 -383
20040923 -380
20040925 -381
20040927 -380
20040929 -380
20041001 -378
20041003 -378
20041005 -378
20041007 -379
20041009 -378
20041011 -379
20041013 -378
20041015 -377
20041017 -378
20041019 -380
20041021 -380
20041023 -380
20041025 -381
20041027 -381
20041029 -380
20041031 -383
20041102 -383
20041104 -384
20041106 -384
20041108 -383
20041110 -381
20041112 -382
20041114 -385
20041116 -383
20041118 -381
20041120 -379
20041122 -376
20041124 -377
20041126 -375
20041128 -374
20041130 -375
20041202 -374
20041203 -376
20041205 -378
20041207 -378
20041209 -378
20041211 -380
20041213 -380
20041215 -379
20041217 -376
20041219 -379
20041221 -381
20041223 -379
20041225 -378
20041227 -380
20041229 -380
20041231 -379
20050102 -378
20050104 -379
20050106 -379
20050108 -377
20050110 -378
20050112 -379
20050114 -381
20050116 -379
20050118 -376
20050120 -376
20050122 -378
20050124 -378
20050126 -378
20050128 -375
20050130 -378
20050201 -377
20050203 -378
20050205 -375
20050207 -376
20050209 -376
20050211 -374
20050213 -369
20050215 -371
20050217 -371
20050219 -369
20050221 -368
20050223 -368
20050225 -371
20050227 -373
20050301 -371
20050303 -373
20050305 -372
20050307 -375
20050309 -376
20050311 -374
20050313 -375
20050315 -377
20050317 -378
20050319 -379
20050321 -378
20050323 -379
20050325 -379
20050327 -380
20050329 -380
20050331 -382
20050402 -382
20050404 -382
20050406 -380
20050408 -380
20050410 -383
20050412 -382
20050414 -380
20050416 -381
20050418 -381
20050420 -383
20050422 -383
20050424 -382
20050426 -383
20050428 -384
20050430 -383
20050502 -383
20050504 -383
20050506 -383
20050508 -383
20050510 -384
20050512 -385
20050514 -384
20050516 -385
20050518 -386
20050520 -385
20050522 -384
20050524 -386
20050526 -387
20050528 -388
20050530 -388
20050601 -388
20050603 -384
20050605 -386
20050607 -388
20050609 -388
20050611 -386
20050613 -385
20050615 -386
20050617 -389
20050619 -388
20050621 -389
20050623 -390
20050625 -390
20050627 -391
20050629 -390
20050701 -387
20050703 -388
20050704 -385
20050706 -384
20050708 -385
20050710 -387
20050712 -386
20050714 -386
20050716 -386
20050718 -386
20050720 -387
20050722 -388
20050724 -387
20050726 -388
20050728 -388
20050730 -388
20050801 -388
20050803 -386
20050805 -385
20050807 -386
20050809 -385
20050811 -387
20050813 -384
20050815 -384
20050817 -383
20050819 -382
20050821 -383
20050823 -382
20050825 -380
20050827 -383
20050829 -385
20050831 -384
20050902 -386
20050904 -386
20050906 -385
20050908 -387
20050910 -385
20050912 -388
20050914 -389
20050916 -386
20050918 -389
20050920 -389
20050922 -388
20050924 -388
20050926 -387
20050928 -386
20050930 -386
20051002 -385
20051004 -386
20051006 -385
20051008 -384
20051010 -384
20051012 -385
20051014 -386
20051016 -386
20051018 -386
20051020 -385
20051022 -384
20051024 -384
20051026 -385
20051027 -382
20051029 -381
20051031 -381
20051102 -380
20051104 -382
20051106 -383
20051108 -384
20051110 -385
20051112 -384
20051114 -386
20051116 -382
20051118 -384
20051120 -386
20051122 -386
20051124 -383
20051126 -374
20051128 -374
20051130 -376
20051202 -372
20051204 -372
20051206 -372
20051208 -374
20051210 -377
20051212 -375
20051214 -374
20051216 -370
20051218 -372
20051220 -374
20051222 -374
20051224 -373
20051226 -372
20051228 -372
20051230 -372
20060101 -371
20060103 -376
20060105 -375
20060107 -376
20060109 -376
20060111 -376
20060113 -378
20060115 -376
20060117 -374
20060119 -378
20060121 -379
20060123 -382
20060125 -379
20060127 -380
20060129 -382
20060309 -382
20060311 -384
20060313 -385
20060315 -383
20060317 -384
20060319 -382
20060321 -382
20060323 -383
20060325 -382
20060327 -381
20060329 -384
20060331 -384
20060402 -384
20060404 -386
20060406 -385
20060408 -385
20060410 -386
20060412 -385
20060414 -385
20060416 -386
20060418 -387
20060420 -388
20060422 -388
20060424 -388
20060426 -389
20060428 -389
20060430 -388
20060502 -388
20060504 -390
20060506 -391
20060508 -390
20060510 -391
20060512 -392
20060514 -394
20060516 -393
20060518 -392
20060520 -388
20060522 -388
20060524 -390
20060526 -390
20060528 -389
20060530 -388
20060601 -385
20060603 -386
20060605 -385
20060607 -386
20060609 -386
20060611 -387
20060613 -388
20060615 -386
20060617 -386
20060619 -385
20060621 -385
20060623 -388
20060625 -387
20060627 -388
20060629 -389
20060701 -390
20060703 -390
20060705 -391
20060707 -391
20060709 -392
20060711 -393
20060713 -394
20060715 -396
20060717 -395
20060719 -395
20060721 -396
20060723 -395
20060725 -396
20060727 -396
20060729 -394
20060731 -395
20060802 -392
20060804 -392
20060806 -393
20060808 -393
20060810 -391
20060812 -390
20060814 -386
20060816 -386
20060818 -385
20060820 -384
20060822 -384
20060824 -382
20060826 -379
20060828 -377
20060830 -377
20060901 -377
20060903 -375
20060905 -378
20060907 -377
20060909 -379
20060911 -378
20060913 -377
20060915 -377
20060917 -378
20060919 -380
20060921 -379
20060923 -381
20060925 -381
20060927 -382
20060929 -381
20061001 -382
20061003 -380
20061005 -382
20061007 -381
20061009 -381
20061011 -380
20061013 -382
20061015 -382
20061017 -380
20061019 -378
20061021 -379
20061023 -378
20061025 -378
20061027 -380
20061029 -380
20061031 -377
20061102 -380
20061104 -380
20061106 -379
20061108 -377
20061110 -379
20061112 -376
20061114 -374
20061116 -373
20061118 -374
20061120 -372
20061122 -370
20061124 -370
20061126 -373
20061128 -371
20061130 -375
20061202 -372
20061204 -370
20061206 -371
20061208 -366
20061210 -372
20061212 -370
20061214 -369
20061216 -368
20061218 -370
20061220 -372
20061222 -373
20061224 -372
20061226 -374
20061228 -372
20061230 -371
20070101 -372
20070103 -373
20070105 -373
20070107 -373
20070109 -371
20070111 -370
20070113 -372
20070115 -374
20070117 -370
20070119 -370
20070121 -367
20070123 -367
20070125 -369
20070127 -369
20070129 -369
20070131 -369
20070202 -372
20070204 -373
20070206 -370
20070208 -367
20070210 -370
20070212 -368
20070214 -369
20070216 -372
20070218 -371
20070220 -371
20070222 -370
20070224 -370
20070226 -370
20070228 -367
20070302 -368
20070304 -368
20070306 -364
20070308 -365
20070310 -366
20070312 -364
20070314 -366
20070316 -365
20070318 -362
20070320 -363
20070322 -366
20070324 -366
20070326 -369
20070328 -368
20070330 -369
20070401 -373
20070403 -372
20070405 -374
20070407 -375
20070409 -374
20070411 -376
20070413 -376
20070415 -378
20070417 -379
20070419 -378
20070421 -380
20070423 -380
20070425 -380
20070427 -382
20070429 -383
20070501 -382
20070503 -383
20070505 -384
20070507 -382
20070509 -382
20070511 -380
20070513 -378
20070515 -381
20070517 -381
20070519 -380
20070521 -382
20070523 -382
20070525 -381
20070527 -378
20070529 -380
20070531 -381
20070602 -383
20070604 -383
20070606 -384
20070608 -383
20070610 -383
20070612 -383
20070614 -382
20070616 -381
20070618 -380
20070620 -381
20070622 -380
20070624 -377
20070626 -374
20070628 -374
20070630 -375
20070702 -373
20070704 -371
20070706 -369
20070708 -370
20070710 -368
20070712 -369
20070714 -370
20070716 -370
20070718 -370
20070720 -370
20070722 -367
20070724 -366
20070726 -367
20070728 -368
20070730 -365
20070801 -365
20070803 -366
20070805 -366
20070807 -368
20070809 -369
20070811 -370
20070813 -372
20070815 -369
20070817 -372
20070819 -372
20070821 -372
20070823 -374
20070825 -378
20070827 -377
20070829 -378
20070831 -378
20070902 -379
20070904 -379
20070906 -380
20070908 -379
20070910 -379
20070912 -381
20070914 -381
20070916 -381
20070918 -381
20070920 -380
20070922 -382
20070924 -380
20070926 -380
20070928 -380
20070930 -382
20071002 -382
20071004 -382
20071006 -383
20071008 -383
20071010 -384
20071012 -383
20071014 -383
20071016 -383
20071018 -385
20071020 -386
20071022 -386
20071024 -386
20071026 -386
20071028 -386
20071030 -386
20071101 -388
20071103 -387
20071105 -387
20071107 -386
20071109 -387
20071111 -386
20071113 -385
20071115 -387
20071117 -387
20071119 -383
20071121 -383
20071123 -386
20071125 -386
20071127 -388
20071129 -385
20071201 -384
20071203 -382
20071205 -383
20071207 -379
20071209 -377
20071211 -381
20071213 -382
20071215 -380
20071217 -380
20071219 -381
20071221 -380
20071223 -380
20071225 -378
20071227 -380
20071229 -378
20071231 -382
20080102 -381
20080104 -380
20080106 -381
20080108 -382
20080110 -382
20080112 -381
20080114 -380
20080116 -378
20080118 -381
20080120 -380
20080122 -379
20080124 -378
20080126 -379
20080128 -378
20080130 -377
20080201 -373
20080203 -375
20080205 -374
20080207 -379
20080209 -378
20080211 -380
20080213 -380
20080215 -380
20080217 -380
20080219 -379
20080221 -379
20080223 -381
20080225 -380
20080227 -381
20080229 -380
20080302 -380
20080304 -383
20080306 -384
20080308 -382
20080310 -378
20080312 -380
20080314 -382
20080316 -380
20080318 -382
20080320 -381
20080322 -377
20080324 -376
20080326 -376
20080328 -375
20080330 -375
20080401 -376
20080403 -378
20080405 -374
20080407 -373
20080409 -373
20080411 -374
20080413 -376
20080415 -378
20080417 -377
20080419 -377
20080421 -378
20080423 -381
20080425 -383
20080427 -382
20080429 -379
20080501 -381
20080503 -384
20080505 -386
20080507 -385
20080509 -384
20080511 -386
20080513 -387
20080515 -386
20080517 -384
20080519 -385
20080521 -387
20080523 -387
20080525 -387
20080527 -386
20080529 -385
20080531 -387
20080602 -385
20080604 -385
20080606 -385
20080608 -387
20080610 -388
20080612 -386
20080614 -386
20080616 -386
20080618 -387
20080620 -388
20080622 -388
20080624 -390
20080626 -390
20080628 -390
20080630 -391
20080702 -390
20080704 -392
20080706 -390
20080708 -389
20080710 -387
20080712 -386
20080714 -389
20080716 -388
20080718 -385
20080720 -384
20080722 -385
20080724 -385
20080726 -383
20080728 -382
20080730 -384
20080801 -382
20080803 -382
20080805 -382
20080807 -378
20080809 -378
20080811 -377
20080813 -376
20080815 -378
20080817 -377
20080819 -376
20080821 -378
20080823 -377
20080825 -377
20080827 -379
20080829 -379
20080831 -377
20080902 -378
20080904 -376
20080906 -377
20080908 -378
20080910 -378
20080912 -377
20080914 -379
20080916 -379
20080917 -380
20080919 -380
20080921 -381
20080923 -380
20080925 -382
20080927 -382
20080929 -379
20081001 -376
20081003 -376
20081005 -376
20081007 -375
20081009 -378
20081011 -377
20081013 -376
20081015 -375
20081017 -375
20081019 -376
20081021 -375
20081023 -377
20081025 -378
20081027 -374
20081029 -375
20081031 -374
20081102 -376
20081104 -376
20081106 -377
20081108 -376
20081110 -375
20081112 -375
20081114 -375
20081116 -374
20081118 -372
20081120 -373
20081122 -372
20081124 -370
20081126 -373
20081128 -369
20081130 -367
20081202 -370
20081204 -366
20081206 -369
20081208 -371
20081210 -370
20081212 -370
20081214 -367
20081216 -369
20081218 -370
20081220 -372
20081222 -374
20081224 -374
20081226 -375
20081228 -374
20081230 -375
20090101 -375
20090103 -376
20090105 -374
20090107 -374
20090109 -377
20090111 -376
20090113 -375
20090115 -377
20090117 -377
20090119 -372
20090121 -376
20090123 -368
20090125 -373
20090127 -376
20090129 -377
20090131 -376
20090202 -376
20090204 -375
20090206 -374
20090208 -377
20090210 -374
20090212 -377
20090214 -378
20090216 -376
20090218 -377
20090220 -375
20090222 -374
20090224 -376
20090226 -375
20090228 -374
20090302 -374
20090304 -372
20090306 -374
20090308 -375
20090310 -376
20090312 -378
20090314 -378
20090316 -382
20090318 -382
20090320 -382
20090322 -381
20090324 -379
20090326 -378
20090328 -376
20090330 -380
20090401 -380
20090403 -379
20090405 -381
