691
2
date -9999
head -9999
19710129 -509
19710215 -506
19710301 -512
19710315 -509
19710329 -512
19710414 -513
19710428 -514
19710514 -515
19710528 -508
19710614 -507
19710628 -509
19710714 -509
19710728 -508
19710813 -512
19710827 -509
19710914 -510
19710928 -508
19711014 -510
19711028 -508
19711115 -507
19711129 -508
19711214 -509
19711228 -506
19720114 -508
19720128 -504
19720214 -501
19720228 -507
19720314 -505
19720328 -508
19720414 -504
19720428 -506
19720515 -509
19720529 -507
19720614 -505
19720628 -504
19720713 -504
19720728 -506
19720814 -505
19720828 -506
19720914 -505
19720928 -507
19721013 -510
19721027 -506
19721115 -504
19721128 -507
19721214 -509
19721228 -506
19730129 -507
19730214 -508
19730228 -510
19730314 -510
19730328 -511
19730413 -511
19730427 -507
19730514 -509
19730528 -506
19730614 -508
19730628 -508
19730713 -503
19730727 -508
19730814 -510
19730828 -512
19730914 -510
19730928 -508
19731015 -509
19731029 -511
19731114 -506
19731128 -505
19731214 -508
19731228 -509
19740114 -508
19740128 -506
19740214 -504
19740228 -503
19740314 -504
19740329 -507
19740416 -508
19740429 -508
19740515 -510
19740528 -509
19740614 -509
19740715 -510
19740729 -508
19740814 -512
19740828 -512
19740913 -516
19740929 -513
19741014 -514
19741028 -511
19741114 -507
19741128 -511
19741213 -506
19741227 -506
19750114 -504
19750128 -504
19750214 -508
19750228 -507
19750314 -508
19750327 -506
19750414 -510
19750428 -510
19750514 -512
19750528 -513
19750613 -511
19750627 -507
19750714 -510
19750728 -507
19750814 -510
19750828 -504
19750915 -510
19750929 -510
19751014 -509
19751028 -510
19751114 -506
19751128 -500
19751215 -507
19751229 -506
19760114 -508
19760128 -506
19760214 -502
19760227 -508
19760315 -507
19760329 -508
19760414 -506
19760428 -509
19760514 -509
19760529 -512
19760614 -512
19760628 -510
19760714 -508
19760728 -507
19760814 -507
19760828 -506
19760914 -507
19760928 -508
19761014 -504
19761028 -505
19761115 -507
19761129 -505
19761214 -508
19761228 -508
19770114 -507
19770214 -506
19770228 -506
19770314 -510
19770328 -512
19770414 -511
19770428 -510
19770513 -508
19770527 -509
19770614 -508
19770628 -511
19770714 -510
19770728 -507
19770815 -510
19770829 -506
19770914 -507
19770928 -509
19771014 -507
19771028 -506
19771114 -504
19771128 -510
19771214 -508
19771228 -506
19780113 -508
19780127 -517
19780214 -508
19780228 -508
19780314 -511
19780328 -508
19780414 -508
19780428 -507
19780516 -506
19780529 -510
19780614 -508
19780628 -511
19780728 -511
19780814 -508
19780828 -513
19780914 -512
19780928 -511
19781013 -508
19781027 -509
19781114 -509
19781128 -509
19781214 -506
19781228 -507
19790115 -505
19790129 -506
19790214 -506
19790228 -504
19790314 -501
19790328 -501
19790413 -508
19790427 -508
19790514 -507
19790528 -507
19790614 -507
19790628 -510
19790719 -509
19790727 -509
19790814 -510
19790828 -511
19790914 -511
19790928 -513
19791015 -509
19791029 -511
19791114 -505
19791128 -509
19791215 -511
19791228 -517
19800114 -508
19800128 -506
19800214 -510
19800228 -512
19800314 -504
19800328 -503
19800414 -507
19800428 -510
19800515 -508
19800528 -506
19800619 -509
19800627 -509
19800714 -509
19800728 -506
19800814 -505
19800828 -507
19800915 -509
19800929 -511
19801014 -510
19801028 -511
19801114 -506
19801128 -506
19801215 -504
19801229 -507
19810114 -503
19810128 -510
19810214 -510
19810227 -509
19810313 -499
19810327 -502
19810428 -507
19810514 -511
19810527 -508
19810615 -510
19810629 -511
19810714 -510
19810728 -509
19810814 -509
19810828 -512
19810914 -509
19810928 -510
19811014 -507
19811028 -507
19811114 -510
19811127 -505
19811214 -503
19811229 -498
19820114 -503
19820128 -503
19820215 -508
19820301 -506
19820315 -506
19820329 -511
19820414 -511
19820428 -510
19820515 -509
19820528 -510
19820614 -511
19820628 -510
19820714 -509
19820729 -509
19820813 -514
19820827 -513
19820915 -512
19820928 -514
19821014 -503
19821028 -516
19821115 -513
19821129 -516
19821214 -515
19821229 -517
19830114 -513
19830129 -513
19830215 -514
19830228 -511
19830314 -514
19830328 -516
19830414 -516
19830428 -513
19830513 -516
19830528 -518
19830614 -516
19830628 -513
19830714 -508
19830728 -510
19830815 -509
19830829 -508
19830914 -509
19830928 -507
19831014 -513
19831028 -512
19831114 -518
19831128 -502
19831214 -510
19831228 -512
19840114 -510
19840128 -505
19840214 -514
19840228 -510
19840314 -512
19840328 -512
19840414 -514
19840427 -515
19840515 -512
19840614 -510
19840628 -511
19840713 -510
19840727 -510
19840814 -510
19840829 -507
19840914 -509
19840928 -515
19841015 -515
19841029 -515
19841114 -511
19841128 -515
19841214 -512
19841228 -518
19850114 -516
19850128 -513
19850214 -509
19850228 -510
19850314 -513
19850328 -518
19850415 -515
19850429 -515
19850515 -514
19850528 -514
19850614 -512
19850628 -510
19850715 -510
19850729 -508
19850814 -514
19850828 -510
19850913 -514
19850927 -512
19851014 -514
19851028 -512
19851114 -514
19851128 -517
19851213 -513
19851227 -502
19860114 -512
19860128 -511
19860214 -511
19860228 -509
19860314 -517
19860327 -513
19860414 -516
19860428 -514
19860515 -516
19860528 -518
19860613 -517
19861014 -510
19861028 -514
19861114 -508
19861128 -513
19861215 -513
19861231 -507
19870114 -508
19870128 -508
19870213 -509
19870227 -510
19870314 -517
19870328 -518
19870414 -510
19870428 -507
19870515 -517
19870527 -516
19870616 -519
19870629 -516
19870714 -512
19870728 -516
19870810 -512
19870829 -514
19870914 -513
19870928 -514
19871015 -513
19871029 -513
19871113 -506
19871127 -516
19871214 -514
19871228 -517
19880114 -515
19880129 -510
19880215 -517
19880229 -509
19880314 -517
19880328 -518
19880414 -520
19880427 -519
19880514 -522
19880527 -516
19880615 -518
19880628 -516
19880714 -511
19880728 -514
19880830 -514
19880914 -514
19880928 -513
19881014 -515
19881029 -518
19881114 -518
19881129 -523
19881214 -516
19881228 -514
19890113 -518
19890127 -517
19890215 -511
19890228 -515
19890315 -516
19890329 -515
19890415 -517
19890429 -518
19890516 -518
19890529 -518
19890614 -517
19890629 -514
19890728 -518
19890815 -519
19890829 -518
19890914 -515
19890929 -518
19891013 -517
19891028 -515
19891115 -518
19891129 -519
19891214 -509
19891228 -517
19900116 -516
19900129 -514
19900214 -513
19900228 -509
19900315 -519
19900328 -518
19900427 -521
19900514 -520
19900529 -518
19900614 -517
19900628 -517
19900713 -517
19900727 -518
19900814 -519
19900828 -517
19900914 -517
19900928 -514
19901030 -516
19901114 -513
19901128 -517
19901214 -517
19901228 -514
19910114 -517
19910129 -516
19910215 -516
19910228 -515
19910315 -518
19910328 -521
19910416 -518
19910430 -519
19910515 -520
19910529 -519
19910614 -520
19910628 -516
19910715 -517
19910729 -518
19910814 -518
19910828 -520
19910913 -519
19910927 -517
19911014 -518
19911029 -519
19911114 -513
19911128 -517
19911213 -519
19911227 -519
19920115 -518
19920130 -519
19920214 -516
19920228 -518
19920314 -518
19920327 -516
19920414 -519
19920429 -520
19920514 -519
19920527 -518
19920616 -519
19920630 -518
19920714 -517
19920728 -519
19920928 -516
19921015 -516
19921029 -536
19921113 -517
19921127 -517
19921215 -514
19921228 -518
19930115 -515
19930128 -514
19930216 -515
19930302 -516
19930316 -517
19930329 -519
19930414 -518
19930428 -513
19930514 -519
19930528 -520
19930614 -519
19930628 -520
19930714 -515
19930728 -515
19930813 -517
19930827 -516
19930915 -515
19930929 -514
19931015 -516
19931028 -516
19931116 -516
19931130 -514
19931215 -511
19931228 -514
19940115 -516
19940129 -518
19940214 -517
19940228 -516
19940314 -518
19940328 -518
19940415 -517
19940428 -519
19940514 -517
19940527 -519
19940628 -519
19940715 -519
19940728 -519
19940816 -519
19940830 -519
19940915 -513
19940929 -517
19941014 -517
19941019 -517
19941028 -516
19941115 -518
19941129 -518
19941215 -517
19941228 -503
19950114 -516
19950127 -513
19950214 -516
19950228 -517
19950315 -515
19950328 -514
19950413 -520
19950428 -521
19950515 -519
19950529 -519
19950615 -518
19950714 -519
19950729 -521
19950814 -522
19950829 -522
19950914 -521
19950929 -519
19951013 -520
19951027 -521
19951115 -522
19951128 -521
19951214 -521
19951228 -519
19960115 -521
19960130 -521
19960214 -523
19960229 -520
19960315 -519
19960329 -520
19960416 -521
19960429 -520
19960515 -519
19960529 -519
19960614 -520
19960629 -518
19960715 -520
19960729 -519
19960814 -519
19960829 -518
19960914 -519
19960927 -517
19961014 -516
19961028 -515
19961114 -518
19961129 -515
19961214 -520
19961227 -518
19970114 -520
19970129 -523
19970214 -515
19970228 -521
19970314 -519
19970327 -519
19970414 -521
19970429 -521
19970515 -519
19970528 -520
19970613 -518
19970629 -516
19970715 -519
19970727 -519
19970815 -519
19970828 -518
19970929 -621
19971015 -516
19971029 -518
19971114 -519
19971128 -516
19971216 -518
19971229 -520
19980114 -519
19980128 -519
19980213 -521
19980227 -519
19980313 -519
19980327 -519
19980414 -520
19980429 -522
19980515 -520
19980528 -519
19980614 -518
19980629 -518
19980714 -519
19980729 -518
19980814 -519
19980828 -518
19980915 -509
19980928 -519
19981015 -519
19981028 -513
19981113 -517
19981127 -519
19981215 -520
19981227 -520
19990115 -517
19990128 -517
19990216 -518
19990302 -509
19990316 -520
19990330 -519
19990415 -519
19990428 -521
19990507 -522
19990514 -522
19990528 -523
19990629 -519
19990714 -520
19990728 -521
19990813 -519
19990828 -520
19990914 -521
19990928 -520
19991014 -518
19991028 -522
19991116 -518
19991130 -522
19991214 -517
19991228 -519
20000214 -520
20000228 -518
20000315 -519
20000329 -519
20000415 -519
20000429 -521
20000516 -522
20000529 -518
20000615 -521
20000629 -521
20000715 -519
20000728 -520
20000815 -521
20000829 -521
20000914 -521
20000928 -519
20001014 -521
20001027 -520
