401
2
date -9999
head -9999
19750714 -299
19750729 -303
19750815 -307
19750829 -306
19750915 -309
19750929 -307
19751014 -310
19751028 -314
19751114 -315
19751128 -305
19751216 -304
19751219 -304
19760114 -291
19760205 -296
19760215 -292
19760302 -300
19760314 -305
19760330 -308
19760415 -307
19760429 -305
19760514 -307
19760529 -305
19760614 -305
19760628 -308
19760714 -303
19760728 -300
19760814 -303
19760828 -304
19760914 -306
19760928 -310
19761014 -312
19761028 -315
19761115 -318
19761129 -317
19761214 -314
19761228 -308
19770114 -298
19770128 -293
19770214 -295
19770228 -296
19770314 -293
19770328 -296
19770414 -303
19770428 -306
19770514 -309
19770528 -313
19770614 -311
19770628 -309
19770714 -302
19770728 -301
19770815 -306
19770829 -304
19770914 -308
19770928 -313
19771014 -317
19771028 -320
19771114 -314
19771128 -277
19771214 -288
19771228 -293
19780114 -291
19780128 -292
19780214 -293
19780228 -295
19780315 -305
19780328 -296
19780414 -301
19780428 -304
19780529 -306
19780614 -306
19780628 -302
19780714 -303
19780729 -305
19780814 -307
19780829 -309
19780914 -314
19780928 -314
19781014 -314
19781030 -313
19781114 -307
19781214 -304
19781228 -290
19790114 -294
19790129 -297
19790228 -290
19790314 -280
19790329 -286
19790414 -295
19790501 -296
19790514 -295
19790528 -296
19790716 -302
19790730 -303
19790815 -308
19790828 -311
19790914 -313
19790928 -314
19791014 -316
19791029 -318
19791115 -306
19791130 -312
19791215 -295
19791229 -296
19800114 -278
19800129 -283
19800214 -285
19800228 -288
19800314 -291
19800330 -299
19800414 -300
19800428 -302
19800514 -307
19800528 -303
19800614 -304
19800629 -305
19800714 -296
19800729 -298
19800814 -303
19800829 -308
19800914 -313
19800928 -315
19801014 -316
19801028 -318
19801115 -311
19801129 -325
19801215 -300
19801229 -292
19810115 -289
19810129 -287
19810214 -288
19810228 -286
19810314 -267
19810330 -274
19810429 -302
19810515 -301
19810530 -300
19810615 -305
19810629 -306
19810714 -311
19810729 -307
19810815 -311
19810829 -312
19810915 -311
19810929 -314
19811014 -307
19811030 -288
19811115 -295
19811130 -299
19811215 -287
19811230 -282
19820115 -295
19820130 -295
19820214 -320
19820414 -306
19820429 -309
19820515 -308
19820529 -311
19820615 -311
19820626 -309
19820715 -315
19820729 -316
19820814 -318
19820828 -321
19820914 -323
19820929 -325
19821014 -314
19821029 -316
19821115 -312
19821129 -314
19821215 -311
19821229 -326
19830115 -306
19830129 -302
19830215 -305
19830301 -306
19830314 -320
19830329 -317
19830414 -292
19830428 -286
19830514 -284
19830528 -281
19830614 -299
19830628 -303
19830714 -298
19830728 -295
19830815 -315
19830829 -318
19830914 -326
19830928 -307
19831014 -312
19831028 -318
19831115 -311
19831129 -326
19831214 -322
19831228 -295
19840114 -287
19840128 -278
19840214 -283
19840229 -288
19840315 -290
19840329 -292
19840414 -301
19840428 -308
19840514 -315
19840528 -311
19840614 -313
19840628 -314
19840714 -311
19840728 -315
19840814 -318
19840828 -322
19840914 -319
19840928 -317
19841015 -313
19841029 -310
19841114 -306
19841128 -302
19841214 -309
19841229 -313
19850115 -309
19850129 -305
19850214 -315
19850228 -321
19850314 -322
19850328 -323
19850415 -325
19850429 -318
19850515 -315
19850529 -313
19850614 -311
19850628 -306
19850715 -310
19850729 -313
19850815 -310
19850829 -314
19850915 -316
19850929 -318
19851014 -321
19851028 -325
19851114 -315
19851128 -313
19851216 -309
19851230 -300
19860114 -293
19860128 -297
19860214 -307
19860228 -317
19860314 -313
19860328 -309
19860414 -307
19860428 -304
19860514 -305
19860528 -307
19860614 -308
19860628 -311
19860714 -312
19860728 -314
19860814 -315
19860829 -321
19860915 -303
19860929 -304
19861014 -296
19861029 -290
19861114 -285
19861128 -278
19861215 -280
19861229 -276
19870520 -283
19870716 -280
19870818 -279
19870830 -284
19870914 -294
19870928 -296
19871014 -283
19871030 -292
19871130 -279
19871223 -282
19880128 -280
19880227 -281
19880316 -274
19880331 -283
19880423 -296
19880511 -290
19880601 -302
19880614 -305
19881116 -299
19881201 -297
19890823 -307
19890928 -308
19891027 -307
19891128 -296
19891228 -294
19900130 -292
19900228 -293
19900510 -299
19900528 -302
19900709 -303
19900801 -299
19910227 -307
19910509 -309
19910531 -311
19910824 -313
19950120 -284
19950213 -279
19950306 -274
19950312 -282
19950402 -294
19950423 -303
19950503 -310
19950515 -308
19950530 -310
19950614 -308
19950706 -313
19950727 -317
19950824 -324
19950917 -324
19951010 -324
19951101 -328
19951114 -329
19960219 -323
19960228 -323
19960425 -319
19960612 -309
19960908 -314
19960914 -314
19960928 -319
19961124 -299
19961214 -302
19961228 -311
19970201 -326
19970301 -314
19970315 -313
19970328 -314
19970414 -310
19970528 -301
19970613 -299
19970627 -300
19970713 -295
19970727 -298
19970828 -307
19970915 -314
19970929 -317
19971014 -312
19971114 -318
19971128 -322
19971229 -306
19980114 -294
19980128 -295
19980213 -304
19980227 -309
19980313 -281
19980327 -290
19980414 -290
19980428 -288
19980514 -297
19980528 -298
19980615 -290
19980629 -292
19980713 -295
19980814 -301
19980828 -305
19980913 -288
19980928 -286
19981014 -289
19981028 -277
19981113 -253
19981127 -273
19981215 -280
19981228 -276
19990114 -276
19990128 -279
19990215 -282
19990228 -285
19990317 -284
19990414 -296
19990429 -303
19990514 -307
19990528 -306
19990614 -313
19990628 -310
19990728 -319
19990813 -309
19990826 -308
19990913 -316
19991014 -305
19991115 -313
20000114 -288
20000128 -299
20000227 -290
20000314 -287
20000414 -307
20000428 -311
20000529 -302
20000628 -314
20000714 -310
20000814 -322
20000828 -325
20000914 -326
20000928 -332
20001013 -332
20001027 -322
