124
2
date -9999
head -9999
19640829 -335
19640915 -338
19640929 -335
19641014 -333
19641029 -332
19641114 -335
19641128 -330
19641215 -329
19641229 -331
19650101 -331
19650114 -329
19650128 -333
19650215 -335
19650302 -335
19650317 -337
19650330 -336
19650415 -339
19650429 -335
19650515 -338
19650529 -340
19650628 -341
19650629 -340
19650715 -334
19650804 -337
19650814 -341
19650827 -338
19650828 -339
19650914 -338
19650915 -339
19650928 -340
19651001 -339
19651015 -339
19651027 -341
19651116 -341
19651130 -329
19651229 -329
19660101 -331
19660114 -336
19660129 -336
19660215 -331
19660228 -333
19660315 -339
19660327 -337
19660417 -336
19660429 -336
19660515 -339
19660529 -343
19660615 -341
19660629 -336
19660715 -333
19660730 -334
19660818 -338
19660901 -341
19660915 -343
19660929 -341
19661015 -341
19661101 -342
19661115 -339
19661129 -336
19661215 -329
19661219 -330
19661229 -331
19670101 -332
19670114 -336
19670127 -334
19670214 -337
19670228 -331
19670315 -339
19670329 -335
19670415 -333
19670429 -341
19670513 -344
19670530 -339
19670616 -343
19670630 -343
19670715 -339
19670729 -341
19670815 -339
19670829 -345
19671003 -342
19671028 -340
19671115 -337
19671129 -336
19671215 -337
19680115 -510
19680129 -504
19680214 -309
19680228 -341
19680314 -342
19680328 -343
19680417 -344
19680429 -345
19680514 -345
19680531 -346
19680614 -349
19680628 -346
19680715 -344
19680729 -348
19680814 -339
19680828 -345
19680913 -345
19680930 -341
19681014 -341
19681028 -340
19681114 -341
19681128 -341
19681216 -338
19681230 -340
19690114 -335
19690128 -339
19690214 -338
19690228 -339
19690314 -337
19690331 -341
19690414 -341
19690428 -342
19690514 -343
19690529 -342
19690613 -344
19690627 -347
19690714 -341
19690728 -344
19690814 -346
19690828 -338
