408
2
date -9999
head -9999
19671027 -259
19671114 -236
19671128 -238
19671214 -226
19671228 -204
19680115 -200
19680129 -227
19680214 -229
19680228 -241
19680314 -246
19680328 -249
19680416 -255
19680429 -255
19680514 -251
19680528 -254
19680614 -258
19680628 -255
19680715 -262
19680729 -266
19680814 -262
19680828 -268
19680913 -269
19680927 -252
19681014 -250
19681028 -255
19681114 -254
19681128 -262
19681227 -259
19690114 -259
19690128 -253
19690228 -242
19690314 -243
19690328 -258
19690414 -261
19690428 -264
19690514 -265
19690528 -267
19690616 -271
19690714 -280
19690728 -282
19690815 -284
19690828 -270
19690915 -280
19690929 -276
19691014 -280
19691029 -283
19691114 -274
19691128 -273
19691215 -272
19691229 -255
19700114 -260
19700128 -255
19700213 -249
19700301 -235
19700327 -261
19700414 -255
19700428 -264
19700514 -266
19700528 -267
19700615 -274
19700629 -281
19700815 -287
19700828 -290
19700914 -291
19700928 -291
19701014 -285
19701028 -279
19701116 -265
19701127 -263
19701214 -254
19701228 -267
19710114 -271
19710128 -260
19710215 -259
19710301 -256
19710315 -266
19710329 -270
19710414 -277
19710428 -280
19710514 -280
19710528 -271
19710614 -272
19710628 -271
19710714 -279
19710728 -279
19710813 -277
19710827 -275
19710914 -281
19710928 -277
19711014 -278
19711028 -276
19711115 -277
19711129 -263
19711214 -262
19711228 -256
19720114 -254
19720128 -252
19720214 -251
19720228 -257
19720314 -255
19720328 -258
19720414 -250
19720428 -252
19720515 -247
19720529 -253
19720614 -256
19720628 -262
19720714 -255
19720728 -256
19720814 -259
19720828 -265
19720914 -261
19720928 -273
19721016 -274
19721027 -246
19721114 -255
19721128 -244
19721214 -245
19721228 -248
19730115 -252
19730129 -248
19730214 -226
19730228 -230
19730314 -232
19730328 -247
19730414 -249
19730427 -250
19730514 -250
19730528 -252
19730614 -255
19730628 -255
19730713 -265
19730727 -260
19730814 -263
19730828 -268
19730917 -266
19731015 -265
19731029 -242
19731114 -233
19731128 -245
19731214 -219
19731228 -222
19740114 -220
19740128 -230
19740214 -232
19740301 -234
19740314 -236
19740328 -235
19740415 -248
19740429 -254
19740514 -257
19740528 -257
19740614 -254
19740628 -256
19740715 -255
19740728 -258
19740814 -254
19740828 -256
19740916 -257
19740930 -256
19741014 -232
19741028 -215
19741114 -220
19741128 -211
19741213 -202
19741227 -198
19750114 -217
19750128 -208
19750214 -227
19750228 -233
19750314 -233
19750327 -233
19750414 -224
19750428 -229
19750514 -234
19750528 -241
19750613 -244
19750627 -231
19750714 -234
19750728 -241
19750814 -254
19750828 -245
19750915 -254
19750930 -253
19751014 -254
19751028 -255
19751114 -258
19751128 -249
19751215 -245
19751229 -254
19760114 -234
19760214 -241
19760228 -236
19760315 -242
19760329 -240
19760414 -245
19760428 -250
19760514 -247
19760528 -250
19760614 -246
19760628 -249
19760714 -248
19760728 -242
19760814 -247
19760827 -248
19760914 -247
19760928 -251
19761014 -251
19761028 -255
19761115 -254
19761129 -255
19761214 -249
19770114 -233
19770128 -231
19770214 -221
19770228 -217
19770314 -232
19770328 -236
19770414 -238
19770428 -243
19770513 -243
19770527 -234
19770614 -244
19770628 -247
19770714 -239
19770728 -244
19770815 -242
19770829 -223
19770914 -240
19770928 -245
19771014 -247
19771028 -247
19771114 -229
19771128 -212
19771214 -223
19771228 -214
19780113 -213
19780127 -218
19780228 -226
19780314 -231
19780328 -217
19780413 -218
19780428 -229
19780516 -231
19780529 -236
19780614 -188
19780629 -187
19780714 -217
19780728 -234
19780828 -237
19780914 -240
19780928 -237
19781014 -194
19781027 -188
19781114 -236
19781128 -228
19781214 -216
19781228 -206
19790314 -200
19790328 -209
19790414 -218
19790502 -207
19790514 -212
19790528 -215
19790614 -215
19790629 -219
19790713 -222
19790913 -233
19790928 -237
19791015 -233
19791029 -241
19791114 -234
19791128 -233
19791214 -221
19791228 -218
19800114 -220
19800128 -221
19800214 -213
19800228 -220
19800314 -219
19800331 -220
19800414 -223
19800428 -228
19800514 -229
19800528 -231
19800613 -231
19800627 -232
19800814 -233
19800828 -235
19800915 -234
19800929 -235
19801014 -231
19801029 -229
19801114 -229
19801128 -227
19801215 -221
19801229 -220
19810114 -215
19810128 -214
19810213 -215
19810227 -217
19810313 -204
19810327 -205
19810414 -213
19810428 -224
19810514 -225
19810527 -223
19810616 -223
19810619 -230
19810630 -225
19810714 -225
19810728 -226
19810814 -234
19810828 -239
19810914 -237
19810928 -237
19811014 -225
19811028 -208
19811113 -207
19811127 -209
19820128 -213
19820301 -224
19820329 -220
19820428 -232
19820528 -234
19820628 -230
19820728 -236
19820830 -234
19820928 -242
19821028 -228
19821129 -226
19821228 -225
19830128 -223
19830228 -222
19830328 -204
19830429 -193
19830527 -213
19830628 -226
19830829 -238
19830928 -241
19831028 -229
19831128 -203
19831228 -202
19840130 -196
19840228 -218
19840328 -219
19840413 -226
19840427 -229
19840514 -231
19840528 -230
19840614 -229
19840628 -234
19840713 -226
19840727 -239
19840814 -238
19840828 -240
19840914 -236
19840928 -210
19841015 -217
19841029 -216
19841114 -227
19841128 -215
19841217 -228
19850114 -229
19850128 -212
19850214 -233
19850228 -240
19850314 -232
19850328 -232
19850415 -210
19850429 -224
19850514 -220
19850528 -227
19850614 -229
19850628 -215
19850715 -230
19850729 -230
19850814 -229
19850829 -228
19850914 -230
19850927 -232
19851014 -232
19851028 -235
19851115 -214
19851128 -226
19851213 -219
19860114 -195
19860128 -206
19860217 -223
19860303 -233
19860314 -230
19860415 -220
19860514 -215
19860528 -221
19860630 -229
19860714 -232
19860728 -227
19860828 -221
19861015 -232
19861028 -211
19861117 -218
19861130 -211
19870428 -222
19870914 -225
19871014 -216
19871218 -218
19880428 -239
19880829 -208
