756
2
date -9999
head -9999
19720605 -304
19720728 -292
19720828 -294
19720914 -296
19720928 -297
19721030 -302
19721114 -299
19721128 -294
19721214 -291
19730115 -290
19730129 -294
19730215 -287
19730315 -292
19730328 -294
19730415 -292
19730514 -296
19730529 -294
19730614 -295
19730628 -292
19730728 -291
19730814 -294
19730828 -293
19730914 -293
19730928 -296
19731028 -294
19731114 -285
19731128 -285
19731228 -286
19740729 -300
19740814 -303
19740916 -303
19740930 -296
19741015 -290
19741028 -279
19741115 -279
19741216 -279
19741230 -282
19750128 -280
19750218 -288
19750327 -286
19750414 -286
19750428 -288
19750613 -302
19750714 -299
19750728 -303
19750818 -310
19750916 -304
19751002 -303
19751028 -303
19751117 -296
19751201 -294
19751215 -293
19751229 -293
19760116 -290
19760209 -288
19760217 -287
19760302 -296
19760315 -290
19760329 -293
19760413 -298
19760427 -301
19760517 -305
19760609 -301
19760617 -311
19760629 -305
19760716 -310
19760728 -312
19760813 -306
19760827 -309
19760914 -302
19760928 -300
19761014 -300
19761028 -299
19761116 -308
19761129 -292
19761214 -294
19761228 -290
19770128 -283
19770228 -292
19770314 -291
19770329 -291
19770414 -292
19770429 -296
19770513 -290
19770601 -303
19770614 -298
19770628 -302
19770728 -299
19770815 -298
19770829 -296
19770914 -300
19770928 -302
19771014 -297
19771028 -296
19771129 -282
19771214 -291
19780114 -283
19780130 -286
19780314 -292
19780329 -289
19780427 -288
19780516 -297
19780531 -298
19780615 -301
19780704 -292
19780714 -293
19780728 -296
19780828 -309
19780914 -296
19781012 -298
19781024 -297
19781114 -298
19781128 -297
19781214 -287
19790116 -285
19790424 -290
19790514 -289
19790528 -291
19790615 -282
19790716 -286
19790730 -290
19790814 -291
19790827 -298
19790924 -301
19791015 -298
19791030 -303
19791114 -294
19791129 -295
19800123 -289
19800214 -286
19800228 -291
19800402 -293
19800414 -294
19800428 -294
19800514 -303
19800528 -303
19800613 -307
19800627 -296
19800711 -299
19800805 -293
19800829 -299
19800929 -303
19801014 -300
19801028 -296
19801114 -301
19801212 -291
19810128 -291
19810213 -290
19810303 -289
19810316 -279
19810327 -286
19810414 -292
19810428 -296
19810514 -294
19810527 -298
19810616 -301
19810630 -298
19810714 -305
19810728 -298
19810828 -303
19810914 -304
19810929 -302
19811014 -294
19811113 -291
19811127 -287
19820106 -282
19820128 -286
19820301 -294
19820315 -292
19820329 -292
19820415 -298
19820428 -301
19820514 -304
19820602 -305
19820614 -308
19820629 -301
19820714 -303
19820728 -303
19820813 -305
19820831 -305
19820915 -306
19820928 -306
19821028 -297
19821126 -291
19821214 -292
19830114 -284
19830126 -290
19830214 -291
19830314 -294
19830328 -290
19830414 -291
19830516 -288
19830527 -289
19830613 -298
19830628 -299
19830812 -307
19830829 -310
19830914 -308
19831014 -295
19831028 -299
19831129 -294
19831214 -292
19831228 -296
19840113 -282
19840131 -284
19840216 -286
19840228 -291
19840313 -290
19840328 -293
19840413 -295
19840427 -301
19840514 -306
19840528 -300
19840614 -298
19840628 -299
19840713 -298
19840727 -298
19840814 -300
19840828 -305
19840914 -300
19841002 -291
19841015 -293
19841029 -291
19841114 -289
19841128 -289
19841214 -290
19850114 -279
19850128 -289
19850214 -291
19850228 -297
19850314 -294
19850328 -296
19850415 -294
19850429 -294
19850514 -294
19850528 -299
19850613 -297
19850627 -294
19850715 -298
19850730 -293
19850814 -294
19850828 -294
19850913 -295
19850927 -296
19851014 -299
19851028 -299
19851128 -292
19851213 -291
19860114 -283
19860128 -283
19860214 -289
19860303 -296
19860314 -299
19860414 -296
19860514 -297
19860529 -303
19860627 -304
19860714 -308
19860728 -304
19860828 -302
19860915 -300
19860929 -303
19861014 -304
19861028 -294
19861114 -293
19861201 -289
19861215 -290
19870128 -288
19870216 -292
19870302 -288
19870316 -291
19870327 -287
19870414 -295
19870428 -297
19870514 -296
19870527 -296
19870615 -295
19870629 -299
19870714 -300
19870728 -292
19870814 -288
19870914 -293
19870928 -293
19871014 -294
19871028 -291
19871113 -293
19871127 -289
19871214 -292
19871228 -292
19880114 -285
19880128 -283
19880212 -284
19880229 -286
19880314 -292
19880328 -291
19880414 -293
19880428 -300
19880513 -301
19880527 -301
19880614 -303
19880628 -306
19880714 -302
19880728 -299
19880815 -301
19880829 -299
19880914 -303
19880928 -302
19881014 -297
19881028 -296
19881114 -300
19881128 -296
19881214 -295
19881228 -292
19890113 -293
19890127 -298
19890214 -301
19890228 -296
19890314 -295
19890328 -292
19890414 -293
19890428 -293
19890516 -297
19890529 -306
19890614 -303
19890628 -301
19890714 -301
19890728 -304
19890814 -305
19890828 -306
19890914 -296
19890928 -306
19891013 -299
19891027 -300
19891114 -299
19891128 -300
19891214 -293
19891228 -290
19900115 -297
19900129 -290
19900215 -287
19900228 -285
19900314 -291
19900328 -297
19900413 -297
19900427 -299
19900515 -300
19900528 -305
19900614 -304
19900628 -304
19900713 -304
19900727 -305
19900914 -300
19900928 -298
19901015 -297
19901029 -294
19901128 -286
19901214 -290
19901228 -286
19910128 -293
19910214 -296
19910228 -300
19910314 -299
19910328 -300
19910415 -308
19910426 -306
19910514 -307
19910528 -308
19910614 -305
19910628 -298
19910715 -295
19910729 -299
19910814 -305
19910828 -311
19910913 -310
19910927 -307
19911014 -303
19911028 -303
19911114 -294
19911128 -294
19911213 -299
19911230 -296
19920114 -293
19920128 -300
19920214 -296
19920228 -301
19920313 -291
19920327 -297
19920414 -305
19920428 -306
19920514 -301
19920527 -308
19920615 -308
19920629 -309
19920714 -309
19920728 -313
19920814 -305
19920828 -302
19920914 -300
19920928 -302
19921014 -307
19921028 -292
19921113 -291
19921127 -289
19921214 -287
19921228 -294
19930114 -292
19930128 -289
19930215 -295
19930301 -294
19930315 -300
19930329 -305
19930414 -302
19930428 -305
19930514 -308
19930528 -305
19930614 -310
19930628 -308
19930714 -309
19930728 -299
19930813 -297
19930827 -298
19930914 -295
19930928 -294
19931014 -293
19931028 -294
19931115 -291
19931129 -295
19931214 -287
19931228 -288
19940114 -283
19940128 -283
19940228 -293
19940314 -289
19940328 -295
19940428 -297
19940517 -300
19940527 -302
19940530 -304
19940614 -302
19940628 -302
19940714 -308
19940728 -310
19940815 -308
19940914 -302
19940928 -293
19941014 -291
19941114 -289
19941128 -296
19941214 -294
19941228 -282
19950113 -280
19950130 -283
19950214 -284
19950228 -287
19950314 -285
19950328 -289
19950418 -290
19950427 -298
19950515 -303
19950529 -301
19950614 -302
19950628 -304
19950713 -306
19950726 -306
19950814 -309
19950828 -311
19950914 -308
19950929 -302
19951014 -307
19951027 -305
19951114 -306
19951127 -306
19951214 -308
19960116 -302
19960129 -302
19960213 -300
19960227 -300
19960314 -297
19960326 -299
19960411 -300
19960425 -307
19960514 -306
19960529 -305
19960603 -306
19960627 -309
19960715 -307
19960725 -306
19960813 -305
19960828 -303
19960913 -298
19960927 -302
19961014 -300
19961028 -297
19961114 -291
19961128 -288
19961212 -289
19961230 -290
19970113 -297
19970128 -300
19970213 -294
19970227 -293
19970313 -296
19970326 -295
19970414 -299
19970428 -298
19970514 -298
19970528 -297
19970616 -300
19970626 -297
19970715 -299
19970724 -295
19970818 -302
19970828 -299
19970911 -303
19970929 -302
19971014 -298
19971028 -300
19971114 -299
19971127 -299
19971215 -299
19971229 -293
19980114 -294
19980128 -289
19980129 -293
19980216 -300
19980227 -298
19980313 -289
19980326 -291
19980414 -292
19980428 -291
19980513 -301
19980528 -297
19980615 -293
19980629 -293
19980714 -294
19980728 -298
19980814 -302
19980827 -300
19980914 -297
19980928 -291
19981013 -291
19981028 -286
19981113 -284
19981130 -289
19981215 -288
19981228 -284
19990112 -285
19990127 -287
19990216 -289
19990301 -286
19990315 -291
19990329 -293
19990414 -295
19990428 -296
19990518 -300
19990528 -303
19990614 -302
19990630 -304
19990714 -302
19990728 -309
19990830 -301
19990914 -305
19990928 -302
19991014 -299
19991028 -298
19991115 -299
19991130 -296
19991214 -296
19991228 -285
20000114 -288
20000128 -278
20000214 -293
20000229 -250
20000314 -288
20000328 -292
20000413 -295
20000427 -301
20000515 -304
20000529 -300
20000614 -298
20000628 -303
20000713 -300
20000727 -298
20000814 -301
20000828 -304
20000914 -302
20000927 -302
20000930 -302
20001016 -297
20001030 -292
20001113 -288
20001214 -290
20001228 -288
20010115 -290
20010128 -297
20010214 -292
20010228 -285
20010314 -292
20010328 -290
20010426 -291
20010514 -298
20010528 -299
20010614 -303
20010628 -303
20010712 -305
20010726 -307
20010814 -300
20010827 -301
20010913 -294
20010927 -285
20011015 -291
20011029 -296
20011114 -294
20011128 -292
20011213 -293
20011227 -292
20020114 -291
20020128 -289
20020214 -285
20020227 -283
20020314 -291
20020328 -294
20020415 -302
20020426 -300
20020513 -299
20020528 -303
20020613 -303
20020627 -303
20020715 -303
20020729 -304
20020814 -302
20020916 -297
20020926 -298
20021014 -300
20021028 -298
20021114 -287
20021128 -293
20021216 -297
20021230 -288
20030114 -293
20030128 -290
20030215 -292
20030228 -297
20030314 -300
20030327 -300
20030415 -303
20030428 -301
20030513 -302
20030514 -302
20030528 -302
20030613 -303
20030630 -303
20030714 -310
20030728 -307
20030814 -298
20030827 -309
20030929 -302
20031015 -298
20031028 -301
20031114 -300
20031128 -296
20031215 -296
20040113 -284
20040127 -284
20040213 -286
20040227 -281
20040315 -289
20040329 -292
20040415 -289
20040428 -299
20040517 -304
20040528 -305
20040614 -305
20040628 -303
20040714 -298
20040728 -297
20040813 -300
20040830 -290
20040914 -290
20040928 -284
20041014 -293
20041027 -294
20041115 -297
20041129 -291
20041214 -293
20041228 -293
20041229 -289
20050114 -290
20050128 -289
20050214 -284
20050228 -289
20050315 -289
20050329 -292
20050414 -294
20050428 -295
20050513 -298
20050529 -299
20050614 -293
20050628 -299
20050714 -294
20050728 -293
20050812 -291
20050829 -291
20050914 -294
20050928 -293
20051014 -295
20051028 -294
20051115 -296
20051128 -288
20051215 -290
20051228 -290
20060116 -291
20060126 -294
20060214 -293
20060228 -293
20060314 -292
20060328 -291
20060413 -293
20060428 -298
20060512 -302
20060529 -301
20060614 -300
20060714 -308
20060728 -309
20060812 -303
20060828 -291
20060913 -292
20060929 -297
20061013 -297
20061027 -294
20061114 -291
20061128 -289
20061214 -287
20061228 -291
20070115 -287
20070129 -287
20070214 -286
20070228 -285
20070314 -286
20070328 -285
20070416 -297
20070427 -300
20070514 -297
20070529 -292
20070614 -294
20070629 -289
20070713 -281
20070727 -282
20070815 -287
20070928 -294
20071015 -294
20071029 -295
20071114 -297
20071128 -297
20071214 -294
20071228 -291
