448
2
date -9999
head -9999
19841214 -185
19850228 -207
19850314 -188
19850328 -184
19850415 -179
19850514 -191
19850528 -195
19850613 -199
19850627 -183
19850715 -225
19850730 -197
19850828 -202
19850913 -212
19850927 -217
19851014 -206
19851028 -210
19851128 -180
19851213 -182
19860114 -176
19860128 -175
19860314 -194
19860414 -190
19860514 -200
19860529 -213
19860627 -223
19860714 -241
19860728 -233
19860828 -218
19860915 -217
19860929 -224
19861014 -231
19861028 -189
19861114 -194
19861201 -194
19861215 -192
19870128 -195
19870216 -196
19870302 -176
19870316 -207
19870327 -195
19870414 -210
19870428 -227
19870514 -225
19870527 -214
19870615 -188
19870629 -191
19870714 -226
19870728 -180
19870814 -182
19870828 -182
19870914 -194
19870928 -192
19871014 -192
19871028 -196
19871113 -190
19871127 -188
19871214 -194
19871228 -191
19880114 -191
19880212 -191
19880229 -192
19880314 -188
19880328 -191
19880414 -211
19880428 -217
19880513 -218
19880527 -229
19880614 -235
19880628 -244
19880714 -213
19880728 -216
19880815 -227
19880829 -201
19880914 -217
19880928 -180
19881014 -184
19881028 -199
19881114 -184
19881128 -191
19881214 -186
19881228 -188
19890113 -187
19890214 -187
19890228 -182
19890314 -193
19890328 -190
19890428 -196
19890516 -218
19890529 -236
19890614 -224
19890628 -234
19890714 -242
19890728 -257
19890814 -267
19890828 -249
19890914 -233
19890928 -246
19891013 -236
19891027 -234
19891114 -223
19891128 -222
19891214 -188
19891228 -198
19900115 -202
19900129 -196
19900215 -191
19900228 -194
19900314 -209
19900328 -212
19900413 -222
19900427 -217
19900515 -222
19900528 -225
19900614 -244
19900628 -243
19900713 -244
19900727 -265
19900914 -253
19900928 -223
19901015 -227
19901029 -207
19901128 -196
19901214 -195
19901228 -189
19910128 -207
19910214 -229
19910228 -197
19910314 -205
19910328 -219
19910415 -233
19910426 -231
19910514 -233
19910528 -237
19910614 -238
19910729 -220
19910814 -232
19910828 -247
19910913 -259
19910927 -237
19911014 -225
19911028 -219
19911114 -190
19911128 -200
19911213 -217
19911230 -202
19920114 -201
19920128 -217
19920214 -198
19920228 -208
19920313 -187
19920327 -187
19920414 -218
19920428 -211
19920514 -204
19920527 -230
19920615 -230
19920629 -251
19920714 -229
19920728 -251
19920814 -206
19920828 -219
19920914 -219
19920928 -225
19921014 -233
19921028 -182
19921113 -179
19921127 -183
19921214 -189
19921228 -202
19930114 -194
19930128 -195
19930215 -205
19930301 -193
19930315 -218
19930329 -225
19930414 -216
19930428 -221
19930514 -234
19930528 -229
19930614 -226
19930628 -234
19930714 -207
19930728 -178
19930813 -222
19930827 -225
19930914 -198
19930928 -180
19931014 -189
19931028 -197
19931129 -214
19931228 -177
19940114 -178
19940128 -177
19940314 -198
19940328 -189
19940428 -207
19940517 -214
19940527 -217
19940614 -206
19940628 -228
19940714 -225
19940728 -239
19940815 -257
19940914 -213
19940928 -218
19941014 -215
19941114 -192
19941128 -197
19941214 -188
19950113 -191
19950130 -184
19950214 -190
19950228 -186
19950314 -202
19950315 -245
19950328 -192
19950418 -206
19950427 -223
19950515 -233
19950529 -228
19950614 -215
19950628 -233
19950713 -231
19950726 -243
19950814 -246
19950828 -265
19950914 -264
19950929 -224
19951014 -232
19951027 -237
19951114 -239
19951127 -229
19951214 -233
19951228 -208
19960116 -208
19960129 -221
19960213 -183
19960227 -188
19960314 -213
19960326 -211
19960411 -217
19960425 -230
19960514 -235
19960529 -229
19960603 -235
19960627 -261
19960715 -256
19960725 -259
19960813 -253
19960828 -259
19960913 -243
19960927 -250
19961014 -241
19961028 -236
19961114 -195
19961128 -189
19961212 -198
19961230 -228
19970113 -232
19970128 -221
19970213 -185
19970227 -198
19970313 -209
19970326 -198
19970414 -229
19970428 -231
19970514 -205
19970528 -211
19970616 -234
19970626 -230
19970715 -234
19970724 -223
19970818 -253
19970828 -246
19970911 -242
19970929 -248
19971014 -198
19971028 -221
19971114 -217
19971127 -204
19971215 -192
19980114 -207
19980128 -206
19980129 -186
19980216 -220
19980227 -211
19980326 -217
19980513 -219
19980528 -211
19980615 -193
19980629 -209
19980714 -211
19980728 -219
19980814 -238
19980827 -223
19980928 -201
19981130 -190
19990112 -196
19990216 -195
19990315 -198
19990329 -195
19990414 -200
19990428 -212
19990518 -218
19990528 -219
19990614 -229
19990630 -241
19990714 -243
19990728 -260
19990830 -228
19990914 -242
19990928 -212
19991014 -211
19991028 -219
19991115 -207
19991130 -200
19991228 -190
20000114 -200
20000128 -196
20000214 -206
20000229 -189
20000314 -193
20000328 -193
20000413 -216
20000427 -216
20000515 -236
20000529 -203
20000614 -223
20000628 -234
20000713 -229
20000727 -225
20000814 -207
20000828 -240
20000914 -232
20000927 -225
20001016 -193
20010128 -193
20010214 -191
20010228 -192
20010628 -248
20010712 -236
20010726 -222
20010814 -215
20010827 -237
20011015 -199
20011029 -197
20020214 -190
20020314 -194
20020328 -205
20020415 -216
20020426 -219
20020513 -220
20020528 -225
20020613 -222
20020627 -225
20020715 -227
20020729 -238
20020814 -219
20020916 -229
20020926 -227
20021014 -223
20030228 -200
20030314 -204
20030327 -213
20030415 -218
20030428 -215
20030513 -210
20030514 -210
20030528 -200
20030613 -228
20030630 -238
20030714 -238
20030728 -253
20030814 -249
20030827 -250
20030929 -253
20031015 -233
20031028 -236
20031114 -244
20031128 -220
20031215 -236
20040127 -196
20040213 -196
20040227 -205
20040315 -208
20040329 -206
20040415 -221
20040428 -230
20040517 -237
20040528 -247
20040614 -241
20040628 -231
20040714 -228
20040728 -223
20040813 -246
20040914 -219
20040928 -194
20041014 -198
20041027 -202
20041214 -200
20050114 -187
20050128 -186
20050315 -201
20050329 -204
20050428 -200
20050513 -205
20050529 -208
20050614 -226
20050628 -230
20050714 -221
20050728 -224
20050829 -219
20050914 -221
20050928 -213
20051014 -221
20051115 -193
20051215 -189
20051228 -195
20060126 -192
20060214 -196
20060228 -189
20060314 -187
20060328 -187
20060413 -205
20060428 -219
20060512 -229
20060529 -203
20060614 -234
20060714 -251
20060728 -253
20060812 -222
20060913 -228
20060929 -231
20061013 -278
20061228 -190
20070314 -187
20070328 -210
20070416 -228
20070427 -235
20070514 -217
20070529 -218
20070614 -198
20070815 -199
20070928 -185
20071015 -194
20071029 -204
20071128 -190
20071228 -200
