825
2
date -9999
head -9999
19970820 -216
19970914 -212
19970928 -216
19971013 -211
19971028 -211
19971115 -210
19971127 -210
19971214 -207
19971228 -204
19980113 -199
19980129 -201
19980216 -207
19980302 -210
19980315 -203
19980329 -203
19980414 -210
19980428 -202
19980514 -207
19980529 -207
19980614 -204
19980628 -202
19980714 -204
19980729 -208
19980815 -211
19980828 -211
19980915 -200
19980928 -203
19981015 -202
19981028 -195
19981115 -195
19981129 -198
19981216 -198
19981229 -196
19990116 -196
19990130 -198
19990216 -199
19990302 -194
19990330 -201
19990416 -201
19990430 -205
19990530 -209
19990616 -211
19990728 -219
19990816 -215
19990830 -213
19990916 -214
19990926 -213
19991012 -209
19991030 -209
19991130 -203
19991216 -197
19991228 -194
20000114 -199
20000128 -201
20000215 -199
20000227 -199
20000314 -194
20000315 -194
20000331 -200
20000415 -204
20000430 -209
20000517 -211
20000530 -206
20000616 -214
20000716 -206
20000730 -208
20000814 -211
20000831 -213
20000916 -209
20000930 -209
20001015 -206
20001031 -201
20001130 -199
20001216 -199
20001230 -200
20010116 -201
20010130 -197
20010216 -201
20010228 -199
20010316 -200
20010330 -200
20010416 -201
20010430 -206
20010515 -206
20010527 -210
20010716 -216
20010730 -218
20010916 -202
20010930 -196
20011014 -200
20011030 -206
20011116 -205
20011229 -196
20020116 -196
20020130 -196
20020216 -198
20020302 -198
20020316 -202
20020331 -203
20020413 -208
20020430 -209
20020616 -212
20020630 -216
20020815 -214
20020927 -210
20021016 -208
20021030 -200
20021116 -201
20021130 -202
20021216 -201
20021229 -201
20030116 -202
20030131 -199
20030216 -204
20030302 -204
20030316 -209
20030330 -209
20030331 -199
20030413 -210
20030501 -213
20030516 -208
20030531 -211
20030614 -214
20030630 -216
20030716 -221
20030804 -226
20030816 -227
20030830 -227
20030914 -224
20030928 -220
20031012 -215
20031030 -210
20031116 -213
20031201 -210
20031216 -208
20031231 -204
20040116 -201
20040131 -199
20040214 -200
20040301 -202
20040314 -202
20040331 -205
20040416 -207
20040430 -211
20040517 -217
20040531 -219
20040614 -220
20040630 -219
20040716 -217
20040731 -218
20040817 -215
20040831 -209
20040916 -211
20040930 -209
20041015 -208
20041031 -210
20041114 -210
20041126 -205
20041217 -204
20050114 -204
20050128 -201
20050213 -197
20050227 -201
20050313 -201
20050330 -205
20050415 -206
20050516 -210
20050529 -214
20050612 -212
20050630 -211
20050715 -211
20050731 -206
20050816 -208
20050828 -206
20050916 -208
20050930 -209
20051014 -211
20051028 -210
20051116 -210
20051130 -204
20051216 -204
20051230 -204
20060116 -206
20060131 -210
20060216 -205
20060228 -206
20060312 -206
20060416 -208
20060430 -213
20060516 -217
20060531 -212
20060616 -215
20060630 -220
20060716 -228
20060727 -228
20060815 -216
20060831 -209
20060916 -210
20060930 -211
20061016 -211
20061031 -210
20061116 -205
20061130 -205
20061216 -201
20061230 -204
20070114 -204
20070126 -201
20070216 -202
20070227 -201
20070316 -204
20070330 -203
20071101 -213
20071102 -213
20071103 -213
20071104 -213
20071105 -213
20071106 -213
20071107 -213
20071108 -213
20071109 -211
20071110 -211
20071111 -210
20071112 -211
20071113 -210
20071114 -210
20071115 -210
20071116 -211
20071117 -211
20071118 -210
20071119 -210
20071120 -209
20071121 -209
20071122 -209
20071123 -209
20071124 -210
20071125 -209
20071126 -210
20071127 -210
20071128 -210
20071129 -209
20071130 -209
20071201 -208
20071202 -208
20071203 -206
20071204 -207
20071205 -207
20071206 -207
20071207 -203
20071208 -205
20071209 -203
20071210 -203
20071211 -205
20071212 -206
20071213 -207
20071214 -208
20071215 -208
20071216 -208
20071217 -208
20071218 -208
20071219 -208
20071220 -208
20071221 -208
20071222 -208
20071223 -208
20071224 -208
20071225 -207
20071226 -208
20071227 -208
20071228 -208
20071229 -207
20071230 -208
20071231 -208
20080101 -208
20080102 -208
20080103 -207
20080104 -207
20080105 -206
20080106 -206
20080107 -206
20080108 -207
20080109 -207
20080110 -207
20080111 -205
20080112 -205
20080113 -206
20080114 -205
20080115 -205
20080116 -204
20080117 -205
20080118 -205
20080119 -205
20080120 -205
20080121 -204
20080122 -204
20080123 -205
20080124 -205
20080125 -205
20080126 -205
20080127 -205
20080128 -206
20080129 -206
20080130 -205
20080131 -205
20080201 -203
20080202 -203
20080203 -204
20080204 -203
20080205 -203
20080206 -204
20080207 -205
20080208 -205
20080209 -206
20080210 -205
20080211 -206
20080212 -205
20080213 -207
20080214 -207
20080215 -207
20080216 -208
20080217 -208
20080218 -208
20080219 -208
20080220 -208
20080221 -207
20080222 -208
20080223 -208
20080224 -208
20080225 -207
20080226 -206
20080227 -207
20080228 -207
20080229 -207
20080301 -206
20080302 -206
20080303 -207
20080304 -208
20080305 -209
20080306 -209
20080307 -209
20080308 -212
20080309 -213
20080310 -213
20080311 -214
20080312 -214
20080313 -216
20080314 -217
20080315 -218
20080316 -215
20080317 -217
20080318 -218
20080319 -219
20080320 -219
20080321 -217
20080322 -217
20080323 -218
20080324 -217
20080325 -217
20080326 -218
20080327 -218
20080328 -218
20080329 -218
20080330 -218
20080331 -218
20080401 -219
20080402 -219
20080403 -217
20080404 -216
20080405 -214
20080406 -213
20080407 -212
20080408 -211
20080409 -209
20080410 -209
20080411 -210
20080412 -211
20080413 -212
20080414 -212
20080415 -212
20080416 -212
20080417 -213
20080418 -212
20080419 -212
20080420 -212
20080421 -212
20080422 -212
20080423 -213
20080424 -213
20080425 -215
20080426 -216
20080427 -215
20080428 -215
20080429 -214
20080430 -213
20080501 -214
20080502 -214
20080503 -215
20080504 -215
20080505 -216
20080506 -215
20080507 -216
20080508 -215
20080509 -215
20080510 -215
20080511 -216
20080512 -216
20080513 -217
20080514 -217
20080515 -217
20080516 -217
20080517 -217
20080518 -217
20080519 -218
20080520 -218
20080521 -218
20080522 -218
20080523 -218
20080524 -218
20080525 -219
20080526 -219
20080527 -218
20080528 -218
20080529 -219
20080530 -218
20080531 -219
20080601 -218
20080602 -218
20080603 -217
20080604 -218
20080605 -218
20080606 -218
20080607 -218
20080608 -219
20080609 -219
20080610 -219
20080611 -220
20080612 -220
20080613 -220
20080614 -220
20080615 -219
20080616 -220
20080617 -220
20080618 -220
20080619 -220
20080620 -221
20080621 -221
20080622 -220
20080623 -222
20080624 -222
20080625 -222
20080626 -223
20080627 -223
20080628 -223
20080629 -223
20080630 -224
20080701 -224
20080702 -223
20080703 -223
20080704 -224
20080705 -224
20080706 -224
20080707 -224
20080708 -223
20080709 -224
20080710 -222
20080711 -222
20080712 -222
20080713 -222
20080714 -223
20080715 -223
20080716 -223
20080717 -223
20080718 -222
20080719 -221
20080720 -220
20080721 -220
20080722 -220
20080723 -220
20080724 -220
20080725 -219
20080726 -219
20080727 -219
20080728 -218
20080729 -218
20080730 -218
20080731 -218
20080801 -217
20080802 -217
20080803 -217
20080804 -215
20080805 -215
20080806 -215
20080807 -214
20080808 -214
20080809 -214
20080810 -214
20080811 -213
20080812 -212
20080813 -213
20080814 -213
20080815 -213
20080816 -213
20080817 -213
20080818 -213
20080819 -212
20080820 -212
20080821 -212
20080822 -212
20080823 -211
20080824 -211
20080825 -211
20080826 -212
20080827 -212
20080828 -212
20080829 -212
20080830 -212
20080831 -212
20080901 -212
20080902 -212
20080903 -212
20080904 -211
20080905 -212
20080906 -211
20080907 -212
20080908 -211
20080909 -211
20080910 -211
20080911 -211
20080912 -211
20080913 -212
20080914 -212
20080915 -213
20080916 -213
20080917 -213
20080918 -214
20080919 -214
20080920 -215
20080921 -215
20080922 -214
20080923 -214
20080924 -214
20080925 -215
20080926 -216
20080927 -216
20080928 -216
20080929 -216
20080930 -214
20081001 -211
20081002 -212
20081003 -211
20081004 -212
20081005 -211
20081006 -211
20081007 -212
20081008 -212
20081009 -212
20081010 -213
20081011 -213
20081012 -213
20081013 -212
20081014 -212
20081015 -212
20081016 -212
20081017 -212
20081018 -212
20081019 -212
20081020 -212
20081021 -211
20081022 -212
20081023 -213
20081024 -212
20081025 -212
20081026 -212
20081027 -211
20081028 -211
20081029 -210
20081030 -210
20081031 -210
20081101 -210
20081102 -210
20081103 -210
20081104 -211
20081105 -211
20081106 -211
20081107 -211
20081108 -211
20081109 -211
20081110 -210
20081111 -208
20081112 -209
20081113 -209
20081114 -209
20081115 -210
20081116 -210
20081117 -210
20081118 -209
20081119 -209
20081120 -209
20081121 -208
20081122 -208
20081123 -208
20081124 -206
20081125 -207
20081126 -208
20081127 -208
20081128 -208
20081129 -207
20081130 -207
20081201 -206
20081202 -207
20081203 -205
20081204 -205
20081205 -205
20081206 -206
20081207 -207
20081208 -208
20081209 -207
20081210 -207
20081211 -207
20081212 -207
20081213 -207
20081214 -207
20081215 -207
20081216 -208
20081217 -208
20081218 -208
20081219 -208
20081220 -208
20081221 -209
20081222 -209
20081223 -210
20081224 -210
20081225 -210
20081226 -211
20081227 -211
20081228 -211
20081229 -211
20081230 -211
20081231 -211
20090101 -211
20090102 -211
20090103 -212
20090104 -211
20090105 -211
20090106 -211
20090107 -211
20090108 -212
20090109 -212
20090110 -212
20090111 -212
20090112 -212
20090113 -211
20090114 -211
20090115 -212
20090116 -213
20090117 -213
20090118 -211
20090119 -210
20090120 -211
20090121 -212
20090122 -211
20090123 -208
20090124 -209
20090125 -210
20090126 -210
20090127 -211
20090128 -212
20090129 -213
20090130 -213
20090131 -213
20090201 -213
20090202 -212
20090203 -212
20090204 -212
20090205 -211
20090206 -211
20090207 -210
20090208 -211
20090209 -212
20090210 -209
20090211 -211
20090212 -211
20090213 -212
20090214 -210
20090215 -213
20090216 -211
20090217 -209
20090218 -212
20090219 -211
20090220 -211
20090221 -211
20090222 -211
20090223 -210
20090224 -211
20090225 -211
20090226 -211
20090227 -210
20090228 -210
20090301 -210
20090302 -210
20090303 -210
20090304 -209
20090305 -209
20090306 -209
20090307 -210
20090308 -209
20090309 -210
20090310 -210
20090311 -210
20090312 -211
20090313 -210
20090314 -210
20090315 -210
20090316 -213
20090317 -212
20090318 -214
20090319 -212
20090320 -212
20090321 -211
20090322 -213
20090323 -214
20090324 -213
20090325 -211
20090326 -211
20090327 -210
20090328 -209
20090329 -210
20090330 -209
20090331 -210
20090401 -210
20090402 -210
20090403 -208
20090404 -213
20090405 -213
20090406 -211
20090407 -212
20090408 -214
20090409 -221
20090410 -219
20090411 -222
20090412 -225
20090413 -225
20090414 -227
20090415 -225
20090416 -227
20090417 -229
20090418 -230
20090419 -229
20090420 -231
20090421 -231
20090422 -232
20090423 -234
20090424 -233
20090425 -230
20090426 -230
20090427 -228
20090428 -223
20090429 -221
20090430 -220
20090501 -219
20090502 -220
20090503 -221
20090504 -221
20090505 -221
20090506 -220
20090507 -220
20090508 -219
20090509 -220
20090510 -219
20090511 -220
20090512 -221
20090513 -221
20090514 -220
20090515 -219
20090516 -220
20090517 -219
20090518 -220
20090519 -220
20090520 -220
20090521 -220
20090522 -220
20090523 -221
20090524 -221
20090525 -221
20090526 -219
20090527 -221
20090528 -220
20090529 -221
20090530 -221
20090531 -221
20090601 -220
20090602 -221
20090603 -223
20090604 -223
20090605 -223
20090606 -222
20090607 -222
20090608 -221
20090609 -221
20090610 -222
20090611 -221
20090612 -221
20090613 -222
20090614 -221
20090615 -221
20090616 -221
20090617 -221
20090618 -220
20090619 -221
20090620 -222
20090621 -222
20090622 -223
20090623 -223
20090624 -222
20090625 -221
20090626 -221
20090627 -222
20090628 -222
20090629 -223
20090630 -222
20090701 -223
20090702 -222
20090703 -222
20090704 -224
20090705 -224
20090706 -224
