217
2
date -9999
head -9999
19640829 -363
19640914 -360
19641015 -360
19641029 -360
19641114 -362
19641128 -361
19641215 -358
19641229 -360
19641231 -359
19650114 -357
19650128 -362
19650215 -361
19650302 -365
19650317 -364
19650515 -364
19650530 -366
19650629 -365
19650715 -361
19650804 -362
19650814 -366
19650828 -363
19650930 -363
19651018 -364
19651029 -365
19651116 -365
19651130 -357
19651230 -357
19660101 -358
19660113 -361
19660128 -364
19660215 -359
19660303 -362
19660315 -364
19660329 -364
19660414 -363
19660429 -362
19660528 -368
19660615 -367
19660629 -363
19660716 -362
19660729 -360
19660816 -362
19660830 -366
19660916 -367
19660930 -367
19661015 -367
19661101 -367
19661116 -366
19661215 -357
19670101 -360
19670114 -361
19670128 -362
19670214 -364
19670228 -358
19670315 -363
19670329 -360
19670416 -362
19670429 -366
19670513 -366
19670530 -364
19670616 -367
19670628 -366
19670729 -365
19670815 -361
19670829 -365
19670915 -367
19670929 -366
19671014 -367
19671101 -366
19671114 -364
19671129 -364
19671214 -369
19671228 -357
19671231 -357
19680115 -359
19680129 -363
19680214 -364
19680228 -365
19680314 -364
19680328 -365
19680417 -366
19680427 -368
19680514 -365
19680531 -369
19680614 -369
19680628 -366
19680715 -366
19680729 -373
19680814 -362
19680828 -367
19680913 -368
19680930 -363
19681014 -362
19681028 -364
19681114 -365
19681128 -364
19681216 -365
19681230 -367
19690114 -363
19690128 -364
19690214 -363
19690228 -362
19690314 -359
19690331 -363
19690414 -364
19690428 -365
19690514 -366
19690529 -365
19690613 -365
19690627 -369
19690714 -365
19690728 -367
19690814 -364
19690828 -361
19690915 -364
19690929 -368
19691014 -369
19691028 -369
19691117 -364
19691128 -363
19691215 -360
19691229 -361
19700114 -362
19700128 -363
19700213 -366
19700302 -361
19700316 -367
19700331 -364
19700414 -365
19700428 -364
19700514 -368
19700528 -369
19700615 -369
19700629 -367
19700714 -364
19700728 -367
19700814 -368
19700831 -370
19700914 -369
19700928 -368
19701014 -368
19701102 -365
19701113 -364
19701127 -367
19701215 -366
19701228 -364
19710114 -365
19710202 -364
19710215 -364
19710301 -366
19710315 -362
19710329 -362
19710421 -357
19710503 -293
19710520 -372
19710601 -298
19710615 -285
19710628 -284
19710715 -289
19710816 -281
19710827 -274
19710915 -278
19711001 -276
19711014 -275
19711028 -272
19711119 -264
19711214 -260
19711228 -256
19720114 -255
19720214 -241
19720228 -234
19720314 -225
19720414 -219
19720502 -220
19720515 -221
19720529 -221
19720616 -222
19720628 -222
19730921 -254
19730928 -252
19731016 -255
19731105 -250
19731114 -248
19731128 -251
19731228 -249
19740114 -254
19740128 -247
19740214 -249
19740228 -254
19740314 -248
19740328 -248
19740416 -252
19740429 -254
19740514 -254
19740614 -254
19740715 -250
19740729 -250
19740814 -248
19740828 -254
19740916 -246
19740930 -248
19741016 -253
19741028 -242
19741114 -246
19741128 -245
19741213 -244
19741227 -245
19750114 -245
19750127 -240
19750214 -246
19750228 -250
19750313 -248
19750327 -248
19750414 -246
19750501 -251
19750515 -248
19750613 -248
