429
2
date -9999
head -9999
19840413 -221
19840427 -240
19840514 -239
19840528 -239
19840614 -232
19840628 -239
19840713 -230
19840727 -237
19840814 -240
19840828 -246
19840914 -229
19841002 -209
19841015 -221
19841029 -218
19841114 -235
19841128 -217
19841214 -224
19850228 -236
19850314 -225
19850328 -217
19850415 -212
19850429 -238
19850514 -237
19850528 -238
19850613 -232
19850627 -217
19850715 -241
19850730 -234
19850814 -236
19850913 -231
19850927 -230
19851014 -232
19851028 -240
19851213 -220
19860114 -215
19860128 -217
19860314 -229
19860414 -228
19860514 -228
19860529 -240
19860627 -246
19860714 -250
19860728 -246
19860828 -232
19860915 -239
19861114 -225
19861201 -221
19861215 -219
19870128 -225
19870216 -212
19870316 -236
19870327 -219
19870414 -228
19870428 -240
19870514 -235
19870527 -226
19870615 -215
19870629 -224
19870714 -237
19870728 -215
19870814 -223
19870828 -221
19870914 -223
19870928 -218
19871014 -218
19871028 -220
19871113 -218
19871127 -213
19871228 -220
19880114 -216
19880229 -220
19880414 -228
19880428 -234
19880513 -232
19880527 -232
19880614 -233
19880628 -240
19880714 -220
19880728 -221
19880815 -228
19881114 -220
19881128 -219
19881214 -218
19881228 -216
19890113 -216
19890214 -219
19890228 -213
19890314 -221
19890328 -220
19890414 -205
19890428 -219
19890516 -219
19890529 -237
19890614 -228
19890628 -230
19890714 -226
19890728 -234
19890814 -233
19890828 -232
19890914 -214
19890928 -232
19891013 -222
19891027 -221
19891114 -215
19891128 -217
19891214 -213
19891228 -209
19900115 -221
19900129 -201
19900215 -196
19900228 -207
19900314 -221
19900328 -223
19900413 -226
19900427 -228
19900515 -241
19900528 -240
19900614 -237
19900628 -235
19900713 -234
19900727 -240
19900914 -236
19900928 -217
19901015 -228
19901029 -209
19901128 -199
19901214 -204
19901228 -194
19910128 -226
19910214 -238
19910228 -220
19910314 -236
19910328 -238
19910415 -246
19910426 -241
19910514 -244
19910528 -244
19910614 -240
19910715 -223
19910729 -233
19910814 -241
19910828 -244
19910913 -244
19910927 -235
19911014 -246
19911028 -229
19911114 -207
19911128 -214
19911213 -231
19911230 -221
19920114 -214
19920128 -226
19920214 -209
19920228 -227
19920313 -221
19920327 -211
19920414 -232
19920428 -228
19920514 -222
19920527 -232
19920615 -237
19920629 -246
19920714 -221
19920728 -240
19920814 -211
19920828 -219
19920914 -214
19920928 -229
19921014 -233
19921028 -211
19921127 -213
19921214 -213
19921228 -221
19930114 -203
19930128 -207
19930215 -225
19930301 -223
19930528 -233
19930614 -238
19930628 -234
19930714 -231
19930728 -210
19930813 -229
19930827 -233
19930914 -227
19930928 -219
19931014 -215
19931028 -225
19931129 -228
19931214 -215
19931228 -215
19940114 -217
19940128 -214
19940228 -199
19940314 -223
19940328 -219
19940428 -229
19940517 -229
19940527 -228
19940614 -228
19940628 -230
19940714 -247
19940728 -250
19940815 -246
19940914 -230
19940928 -230
19941014 -230
19941114 -222
19941128 -224
19941214 -228
19950214 -209
19950228 -209
19950314 -215
19950315 -236
19950328 -219
19950418 -224
19950427 -222
19950515 -232
19950529 -231
19950614 -228
19950628 -232
19950713 -230
19950726 -241
19950814 -245
19950828 -239
19950914 -236
19950929 -224
19951014 -231
19951027 -235
19951114 -236
19951127 -229
19951214 -237
19951228 -227
19960116 -234
19960129 -246
19960227 -239
19960314 -242
19960326 -244
19960411 -247
19960425 -253
19960514 -251
19960529 -253
19960603 -251
19960627 -257
19960715 -255
19960725 -256
19960813 -249
19960913 -242
19960927 -247
19961014 -245
19961028 -249
19961212 -231
19961230 -242
19970113 -248
19970128 -252
19970227 -246
19970313 -248
19970326 -246
19970414 -249
19970428 -251
19970528 -245
19970616 -250
19970626 -245
19970715 -250
19970724 -246
19970818 -250
19970828 -249
19970911 -250
19970929 -253
19971028 -250
19971127 -242
19971229 -223
19980128 -239
19980129 -223
19980216 -259
19980227 -249
19980326 -244
19980513 -243
19980528 -245
19980615 -223
19980629 -225
19980714 -226
19980728 -236
19980814 -241
19980827 -245
19980928 -239
19990315 -237
19990329 -226
19990414 -231
19990428 -244
19990518 -223
19990528 -231
19990614 -246
19990630 -255
19990714 -259
19990728 -251
19990830 -253
19990914 -260
19990928 -245
19991014 -241
19991028 -243
19991115 -242
19991130 -236
20000114 -240
20000128 -243
20000229 -229
20000314 -233
20000328 -235
20000413 -236
20000427 -241
20000515 -246
20000614 -248
20000628 -253
20000713 -248
20000727 -247
20000828 -248
20000914 -244
20000927 -255
20001016 -242
20010128 -239
20010214 -238
20010228 -230
20010628 -246
20010712 -247
20010726 -257
20010814 -249
20011015 -257
20011029 -260
20020328 -244
20020415 -250
20020426 -250
20020513 -252
20020528 -254
20020613 -254
20020627 -249
20020715 -239
20020729 -246
20020814 -246
20020916 -249
20020926 -249
20021014 -252
20030228 -250
20030314 -250
20030327 -252
20030415 -253
20030428 -249
20030613 -251
20030630 -249
20030714 -251
20030728 -258
20030814 -263
20030827 -259
20030929 -259
20031015 -253
20031028 -254
20031114 -249
20031128 -237
20031215 -267
20040127 -231
20040213 -232
20040227 -238
20040315 -241
20040329 -243
20040415 -245
20040428 -252
20040517 -254
20040528 -252
20040614 -258
20040628 -254
20040714 -250
20040728 -258
20040813 -258
20040914 -245
20040928 -236
20041014 -234
20041027 -237
20041115 -216
20050114 -235
20050128 -233
20050228 -243
20050315 -252
20050329 -243
20050414 -241
20050513 -251
20050529 -252
20050614 -253
20050628 -253
20050714 -254
20050728 -250
20050829 -243
20050914 -251
20050928 -251
20051014 -246
20051028 -262
20051115 -257
20051215 -269
20051228 -262
20060126 -245
20060214 -244
20060228 -247
20060314 -245
20060328 -243
20060413 -250
20060428 -253
20060512 -257
20060529 -252
20060614 -262
20060714 -263
20060728 -261
20060812 -248
20060929 -256
20061013 -249
20061027 -238
20061228 -234
20070115 -234
20070129 -236
20070314 -242
20070328 -245
20070416 -257
20070427 -259
20070514 -252
20070529 -255
20070614 -245
20070727 -228
20070815 -244
20070928 -247
20071015 -242
20071029 -248
20071128 -241
