75
2
date -9999
head -9999
19521217 -151
19530428 -193
19530828 -192
19531013 -195
19531214 -194
19540428 -191
19540827 -191
19541013 -198
19541215 -188
19550429 -196
19550830 -190
19551014 -196
19560307 -197
19590828 -193
19591014 -197
19591214 -195
19600428 -192
19600829 -195
19601014 -162
19601214 -185
19610428 -193
19610828 -199
19611013 -199
19611214 -178
19620427 -193
19620828 -195
19621015 -198
19621214 -190
19630429 -192
19630828 -181
19631014 -189
19640115 -207
19640428 -193
19640828 -192
19641014 -191
19641214 -177
19650428 -192
19650827 -198
19651014 -196
19651214 -162
19660428 -191
19660829 -183
19661013 -195
19661214 -158
19670428 -190
19670828 -246
19671013 -189
19671214 -183
19680429 -188
19680828 -230
19681014 -173
19681213 -193
19690428 -196
19690828 -189
19691014 -201
19691215 -198
19700428 -199
19700828 -200
19701014 -198
19701214 -191
19710428 -243
19710827 -194
19711014 -200
19711214 -205
19720428 -189
19720828 -197
19721013 -204
19721214 -194
19730427 -193
19730828 -202
19731015 -197
19731214 -182
19740308 -195
19740429 -194
19740828 -195
