654
2
date -9999
head -9999
19711214 -188
19711228 -185
19720114 -187
19720214 -187
19720228 -182
19720314 -181
19720328 -185
19720414 -187
19720428 -180
19720514 -175
19720528 -138
19720614 -142
19720628 -170
19720728 -173
19720814 -177
19720828 -179
19720914 -177
19720928 -181
19721018 -182
19721030 -179
19721114 -166
19721128 -170
19721214 -174
19721228 -179
19730115 -177
19730128 -173
19730214 -155
19730228 -163
19730314 -175
19730328 -178
19730414 -179
19730504 -169
19730514 -171
19730528 -171
19730614 -178
19730628 -187
19730719 -182
19730730 -180
19730814 -183
19730829 -181
19731029 -170
19731114 -165
19731128 -167
19731214 -169
19731228 -170
19740114 -166
19740128 -171
19740214 -173
19740228 -171
19740314 -173
19740328 -169
19740416 -169
19740429 -176
19740514 -175
19740528 -176
19740615 -179
19740628 -183
19740715 -182
19740728 -181
19740814 -185
19740828 -180
19740916 -185
19740927 -174
19741014 -162
19741028 -144
19741114 -153
19741128 -147
19741216 -149
19741227 -147
19750122 -143
19750128 -155
19750214 -165
19750228 -167
19750314 -171
19750328 -165
19750414 -166
19750428 -177
19750514 -178
19750528 -180
19750613 -185
19750628 -170
19750714 -177
19750828 -178
19750914 -175
19750928 -172
19751014 -180
19751028 -183
19751114 -176
19751128 -169
19751214 -173
19751228 -179
19760114 -163
19760128 -171
19760216 -173
19760227 -177
19760314 -180
19760325 -178
19760414 -179
19760528 -181
19760628 -181
19760728 -183
19760813 -187
19760830 -200
19760914 -195
19760928 -186
19761014 -184
19761028 -187
19761114 -194
19761129 -194
19761214 -186
19761228 -184
19770114 -179
19770128 -166
19770214 -175
19770228 -168
19770314 -172
19770428 -181
19770513 -180
19770614 -183
19770628 -181
19770718 -190
19770728 -191
19770815 -194
19770829 -182
19770914 -190
19770928 -198
19771017 -194
19771028 -194
19771114 -174
19771128 -166
19771214 -180
19771228 -178
19780114 -173
19780127 -178
19780214 -187
19780228 -187
19780314 -190
19780328 -180
19780414 -189
19780428 -190
19780516 -191
19780529 -190
19780614 -189
19780630 -180
19780717 -182
19780728 -186
19780816 -189
19780828 -195
19780914 -189
19780928 -193
19781016 -182
19781027 -186
19781114 -191
19781128 -181
19781219 -188
19781228 -168
19790115 -172
19790129 -188
19790214 -172
19790228 -173
19790314 -154
19790328 -169
19790413 -182
19790503 -152
19790515 -180
19790528 -185
19790614 -184
19790702 -185
19790713 -189
19790730 -188
19790814 -192
19790828 -193
19790914 -197
19790928 -198
19791021 -198
19791028 -197
19791115 -186
19791128 -196
19791214 -182
19800114 -172
19800129 -196
19800214 -175
19800228 -190
19800314 -178
19800328 -193
19800415 -189
19800428 -193
19800519 -198
19800528 -196
19800613 -200
19800630 -190
19800714 -181
19800729 -187
19800818 -180
19800829 -196
19800915 -194
19800929 -199
19801020 -196
19801028 -193
19801114 -191
19801128 -183
19801214 -184
19801229 -175
19810114 -161
19810129 -182
19810216 -184
19810227 -190
19810313 -138
19810328 -161
19810414 -182
19810428 -191
19810514 -189
19810601 -189
19810614 -191
19810619 -192
19810629 -186
19810714 -193
19810728 -184
19810817 -192
19810828 -193
19810914 -194
19810928 -195
19811009 -183
19811028 -166
19811113 -185
19811127 -182
19811214 -170
19811228 -184
19820114 -177
19820128 -181
19820215 -187
19820315 -181
19820328 -190
19820414 -194
19820428 -185
19820514 -183
19820614 -185
19820628 -175
19820714 -191
19820728 -199
19820814 -200
19820827 -199
19820914 -201
19820929 -199
19821018 -183
19821028 -192
19821113 -197
19821128 -189
19821214 -177
19821228 -176
19830114 -180
19830127 -186
19830214 -181
19830301 -192
19830314 -197
19830328 -171
19830414 -181
19830502 -172
19830513 -176
19830530 -181
19830614 -187
19830628 -192
19830714 -199
19830728 -200
19830815 -208
19830829 -208
19830914 -188
19830928 -190
19831017 -197
19831028 -200
19831114 -201
19831128 -174
19831214 -182
19831228 -179
19840113 -168
19840127 -182
19840214 -170
19840228 -191
19840314 -193
19840328 -197
19840413 -195
19840427 -198
19840514 -200
19840528 -191
19840614 -191
19840628 -196
19840713 -190
19840806 -200
19840814 -199
19840828 -201
19840914 -191
19840928 -186
19841019 -186
19841029 -182
19841114 -194
19841128 -180
19841214 -198
19850115 -197
19850128 -181
19850214 -195
19850228 -202
19850314 -201
19850328 -197
19850415 -178
19850429 -194
19850514 -192
19850528 -195
19850614 -196
19850629 -190
19850715 -196
19850802 -190
19850814 -196
19850829 -193
19850913 -196
19850927 -198
19851013 -198
19851028 -201
19851114 -177
19851128 -194
19851216 -188
19851230 -171
19860114 -164
19860128 -166
19860214 -181
19860314 -202
19860328 -200
19860414 -196
19860428 -190
19860514 -191
19860528 -191
19860613 -188
19860627 -196
19860714 -201
19860728 -198
19860814 -203
19860828 -196
19860915 -197
19860929 -201
19861020 -197
19861028 -192
19861118 -175
19861128 -190
19861215 -193
19861229 -183
19870114 -178
19870128 -194
19870213 -190
19870227 -196
19870316 -196
19870327 -180
19870414 -193
19870428 -193
19870514 -194
19870527 -188
19870616 -184
19870629 -187
19870714 -192
19870803 -177
19870814 -185
19870828 -187
19870914 -192
19870928 -183
19871019 -177
19871028 -188
19871113 -193
19871130 -185
19871215 -194
19871228 -193
19880114 -173
19880128 -165
19880215 -174
19880229 -193
19880314 -186
19880328 -176
19880414 -193
19880428 -197
19880513 -200
19880527 -203
19880614 -205
19880628 -203
19880714 -197
19880728 -198
19880803 -203
19880815 -203
19880829 -200
19880928 -196
19881017 -190
19881027 -198
19881114 -198
19881128 -200
19881215 -193
19881228 -188
19890113 -195
19890127 -198
19890214 -203
19890228 -197
19890314 -192
19890330 -185
19890414 -195
19890428 -194
19890516 -201
19890529 -203
19890614 -199
19890629 -194
19890714 -205
19890728 -209
19890814 -203
19890828 -208
19890914 -204
19890928 -208
19891013 -203
19891027 -202
19891114 -203
19891128 -204
19891214 -198
19891228 -190
19900115 -202
19900129 -186
19900214 -183
19900228 -187
19900314 -188
19900328 -196
19900414 -201
19900427 -204
19900514 -206
19900529 -207
19900614 -204
19900628 -201
19900713 -203
19900727 -206
19900814 -202
19900828 -197
19900914 -203
19900928 -194
19901014 -199
19901029 -198
19901114 -192
19901127 -184
19901214 -194
19901228 -193
19910114 -187
19910128 -194
19910214 -201
19910228 -199
19910315 -194
19910328 -200
19910415 -201
19910429 -198
19910514 -201
19910528 -207
19910614 -202
19910628 -180
19910715 -186
19910728 -192
19910814 -196
19910828 -200
19910913 -203
19910927 -201
19911014 -198
19911028 -197
19911114 -194
19911128 -187
19911213 -197
19911230 -193
19920114 -189
19920203 -197
19920214 -197
19920228 -200
19920313 -198
19920327 -190
19920414 -199
19920428 -198
19920514 -195
19920527 -190
19920615 -197
19920629 -201
19920714 -189
19920729 -199
19920814 -194
19920828 -192
19920914 -193
19920928 -199
19921014 -199
19921028 -183
19921113 -188
19921127 -164
19921214 -177
19921228 -186
19930114 -185
19930128 -187
19930215 -195
19930301 -193
19930315 -199
19930329 -201
19930414 -202
19930428 -200
19930514 -202
19930528 -200
19930614 -199
19930628 -201
19930714 -206
19930728 -185
19930813 -189
19930828 -197
19930914 -197
19930928 -182
19931014 -190
19931028 -193
19931115 -184
19931129 -195
19931214 -185
19931228 -172
19940114 -175
19940128 -177
19940214 -189
19940228 -185
19940314 -198
19940328 -190
19940414 -186
19940428 -202
19940516 -201
19940527 -202
19940614 -202
19940628 -201
19940714 -204
19940728 -207
19940815 -210
19940829 -209
19940914 -201
19940928 -197
19941014 -187
19941028 -189
19941114 -186
19941128 -181
19941214 -190
19941228 -175
19950113 -169
19950127 -175
19950214 -176
19950228 -179
19950314 -182
19950328 -185
19950414 -197
19950428 -199
19950515 -201
19950529 -199
19950614 -197
19950628 -198
19950714 -198
19950728 -202
19950814 -210
19950828 -206
19950914 -205
19950928 -201
19951014 -197
19951028 -196
19951114 -203
19951128 -201
19951214 -205
19960115 -298
19960214 -198
19960228 -192
19960314 -192
19960328 -189
19960414 -200
19960428 -202
19960514 -201
19960528 -199
19960614 -200
19960628 -189
19960714 -201
19960805 -198
19960814 -189
19960828 -191
19960913 -194
19960927 -196
19961014 -193
19961028 -191
19961114 -176
19961128 -178
19961213 -192
19961229 -190
19970114 -196
19970128 -202
19970314 -190
19970328 -194
19970514 -191
19970528 -180
19970613 -194
19970627 -190
19970714 -194
19970728 -196
19970814 -193
19970828 -195
19970915 -192
19970929 -197
19971014 -191
19971028 -195
19971114 -193
19971128 -194
19971215 -185
19971229 -179
19980114 -175
19980128 -181
19980214 -195
19980227 -196
19980314 -178
19980327 -191
19980414 -186
19980428 -177
19980514 -192
19980528 -186
19980614 -181
19980629 -179
19980714 -183
19980728 -186
19980814 -187
19980828 -193
19980914 -186
19980928 -181
19981014 -172
19981028 -154
19981114 -176
19981128 -296
19981214 -178
19981228 -170
19990114 -173
19990128 -169
19990214 -186
19990228 -177
19990314 -173
19990328 -185
19990414 -183
19990428 -187
19990514 -292
19990528 -296
19990614 -189
19990628 -186
19990714 -199
19990728 -201
19990814 -186
19990828 -188
19990914 -201
19990928 -198
19991014 -188
19991028 -197
19991114 -191
19991128 -187
19991214 -167
19991228 -183
20000114 -180
20000128 -187
20000214 -180
20000228 -169
