99
2
date -9999
head -9999
19910529 -217
19910614 -215
19910628 -208
19910714 -205
19910728 -208
19910816 -215
19910828 -217
19910929 -215
19911014 -211
19911028 -209
19911114 -197
19911128 -200
19911214 -205
19911228 -201
19920128 -205
19920215 -202
19920228 -205
19920314 -203
19920328 -199
19920414 -202
19920429 -205
19920515 -210
19920529 -214
19920614 -211
19920629 -216
19920714 -215
19920728 -217
19920914 -205
19920928 -205
19921013 -210
19921028 -200
19921115 -195
19921129 -194
19921215 -195
19921228 -199
19930115 -198
19930130 -196
19930214 -200
19930228 -200
19930315 -200
19930328 -208
19930414 -209
19930430 -211
19930521 -210
19930529 -210
19930615 -213
19930628 -214
19930716 -210
19930728 -203
19930815 -200
19930830 -205
19930914 -200
19930929 -198
19931015 -199
19931030 -200
19931118 -200
19931215 -196
19931228 -192
19940116 -195
19940214 -202
19940301 -200
19940314 -205
19940328 -199
19940414 -199
19940429 -206
19940516 -208
19940530 -207
19940615 -208
19940630 -210
19940715 -214
19940729 -215
19940830 -218
19940915 -208
19940928 -205
19941016 -204
19941030 -199
19941214 -207
19941228 -192
19950114 -199
19950131 -200
19950214 -195
19950228 -201
19950314 -200
19950330 -206
19950414 -207
19950429 -209
19950514 -217
19950529 -220
19950619 -214
19950628 -215
19950714 -220
19950811 -229
19950828 -232
19950916 -229
19950930 -219
19951014 -219
19951029 -220
19951215 -221
19951229 -221
