43
2
date -9999
head -9999
19720605 -274
19720728 -270
19720828 -271
19720914 -271
19720928 -272
19721030 -268
19721114 -267
19721128 -266
19721214 -266
19730115 -269
19730129 -269
19730215 -260
19730315 -266
19730328 -272
19730415 -270
19730514 -276
19730529 -270
19730614 -273
19730628 -270
19730728 -271
19730814 -273
19730828 -271
19730914 -270
19730928 -272
19731028 -266
19731114 -269
19731128 -268
19731228 -269
19740729 -277
19740814 -280
19740916 -276
19740930 -271
19741015 -265
19741028 -260
19741115 -256
19741216 -255
19741230 -257
19750128 -258
19750218 -265
19750303 -266
19750327 -264
19750414 -263
19750428 -267
