40
2
date -9999
head -9999
19770829 -209
19771014 -218
19780102 -203
19780428 -209
19781013 -216
19781214 -200
19790427 -200
19790828 -222
19791029 -219
19791214 -200
19800528 -217
19800915 -245
19801028 -219
19810114 -198
19810227 -216
19810619 -218
19810914 -239
19811026 -200
19820516 -218
19820827 -232
19821028 -214
19821228 -202
19830428 -192
19831014 -218
19840112 -193
19840427 -215
19841114 -202
19841214 -202
19850611 -178
19851028 -177
19860128 -181
19860522 -188
19861028 -172
19861215 -174
19870428 -182
19870914 -169
19871028 -173
19880428 -181
19881028 -179
19890113 -182
