90
2
date -9999
head -9999
19520814 -266
19520828 -263
19520915 -264
19520929 -215
19521014 -210
19521028 -219
19521114 -206
19521128 -208
19521217 -198
19521229 -209
19530114 -230
19530129 -224
19530214 -207
19530228 -231
19530314 -240
19530328 -245
19530414 -205
19530427 -243
19530515 -255
19530529 -264
19530615 -234
19530629 -252
19530714 -256
19530728 -300
19530817 -277
19530828 -246
19530914 -254
19530928 -240
19531013 -251
19531027 -297
19531114 -251
19531128 -252
19531214 -249
19531228 -214
19540115 -215
19540215 -230
19540315 -229
19540329 -227
19540414 -251
19540428 -259
19540514 -266
19540528 -268
19540614 -261
19540714 -280
19540728 -225
19540814 -214
19540827 -228
19540914 -239
19540928 -206
19541013 -219
19541028 -206
19541115 -206
19541129 -206
19541215 -206
19550329 -225
19550412 -226
19550427 -245
19550516 -250
19550528 -251
19550615 -259
19550628 -281
19550715 -272
19550729 -261
19550816 -267
19550830 -285
19550914 -259
19550927 -262
19551014 -247
19551028 -206
19551114 -233
19551128 -230
19600215 -242
19600229 -239
19600314 -238
19600414 -246
19600428 -260
19600514 -267
19600528 -270
19600614 -278
19600628 -283
19600714 -285
19600728 -290
19600814 -248
19600829 -233
19600914 -235
19600928 -248
19601014 -228
19601028 -219
19601114 -219
19601128 -222
