790
2
date -9999
head -9999
19730427 -228
19730514 -230
19730529 -233
19730614 -238
19730628 -244
19730713 -248
19730727 -239
19730814 -242
19730828 -245
19730914 -242
19730928 -234
19731015 -236
19731029 -220
19731114 -219
19731128 -225
19731214 -223
19731228 -224
19740114 -225
19740128 -222
19740214 -225
19740228 -226
19740314 -223
19740328 -222
19740416 -224
19740429 -232
19740514 -232
19740528 -233
19740614 -227
19740628 -238
19740715 -233
19740729 -234
19740814 -228
19740828 -239
19740913 -223
19740927 -225
19741014 -225
19741028 -225
19741114 -218
19741128 -213
19741213 -216
19741227 -218
19750128 -214
19750214 -216
19750228 -221
19750314 -216
19750327 -217
19750414 -215
19750428 -224
19750514 -226
19750528 -234
19750613 -237
19750627 -231
19750714 -226
19750728 -236
19750814 -243
19750828 -239
19750915 -234
19750929 -232
19751014 -233
19751028 -231
19751114 -232
19751128 -228
19751215 -234
19751229 -236
19760114 -231
19760128 -230
19760213 -229
19760227 -231
19760315 -230
19760329 -220
19760414 -226
19760428 -230
19760514 -227
19760528 -226
19760614 -238
19760628 -243
19760714 -243
19760728 -241
19760813 -236
19760827 -238
19760914 -232
19760928 -228
19761014 -233
19761028 -229
19761113 -231
19761127 -210
19761214 -221
19761228 -220
19770114 -220
19770128 -218
19770214 -218
19770228 -219
19770314 -219
19770328 -224
19770414 -225
19770428 -226
19770513 -223
19770527 -226
19770613 -224
19770627 -225
19770713 -226
19770727 -228
19770815 -228
19770829 -226
19770914 -227
19770928 -228
19771014 -226
19771028 -227
19771114 -223
19771128 -210
19771214 -218
19771228 -223
19780113 -226
19780127 -225
19780214 -223
19780228 -225
19780314 -225
19780328 -217
19780414 -219
19780428 -224
19780516 -226
19780529 -229
19780614 -228
19780628 -222
19780714 -223
19780728 -232
19780814 -229
19780828 -232
19780914 -227
19780928 -224
19781013 -223
19781028 -224
19781114 -228
19781128 -227
19781214 -223
19781228 -219
19790113 -222
19790128 -220
19790214 -221
19790228 -218
19790314 -217
19790328 -219
19790414 -220
19790428 -217
19790514 -224
19790528 -221
19790614 -223
19790628 -222
19790713 -233
19790727 -232
19790814 -231
19790828 -232
19790914 -229
19790928 -228
19791015 -232
19791028 -233
19791114 -225
19791128 -224
19791214 -218
19791228 -219
19800114 -219
19800128 -222
19800214 -218
19800228 -216
19800314 -220
19800328 -218
19800414 -221
19800428 -222
19800514 -226
19800528 -227
19800614 -224
19800628 -225
19800714 -222
19800728 -227
19800814 -230
19800828 -228
19800915 -229
19800929 -232
19801014 -230
19801028 -228
19801114 -226
19801128 -227
19801214 -223
19801228 -221
19810114 -222
19810128 -223
19810213 -224
19810227 -226
19810313 -206
19810327 -213
19810414 -218
19810428 -220
19810514 -222
19810527 -221
19810615 -224
19810619 -234
19810629 -222
19810714 -227
19810728 -223
19810814 -234
19810828 -233
19810914 -234
19810928 -233
19811014 -216
19811028 -217
19811114 -221
19811128 -223
19811214 -224
19811228 -218
19820114 -216
19820128 -219
19820215 -217
19820301 -218
19820315 -216
19820329 -221
19820414 -223
19820428 -226
19820514 -228
19820528 -232
19820614 -233
19820628 -223
19820714 -240
19820728 -243
19820814 -242
19820828 -240
19820914 -241
19820928 -243
19821014 -233
19821028 -237
19821114 -225
19821128 -223
19821214 -224
19821228 -216
19830114 -218
19830128 -215
19830214 -214
19830228 -213
19830314 -216
19830328 -213
19830414 -226
19830428 -211
19830514 -216
19830528 -214
19830614 -233
19830628 -236
19830714 -244
19830728 -246
19830814 -248
19830828 -250
19830914 -223
19830928 -225
19831014 -227
19831028 -221
19831114 -231
19831128 -208
19831214 -213
19831228 -212
19840114 -213
19840128 -214
19840214 -216
19840228 -214
19840314 -216
19840328 -217
19840414 -222
19840428 -229
19840514 -230
19840528 -217
19840614 -223
19840628 -235
19840714 -220
19840728 -233
19840814 -240
19840828 -248
19840914 -222
19840928 -217
19841014 -218
19841028 -213
19841114 -220
19841128 -211
19841214 -218
19841228 -220
19850114 -228
19850128 -218
19850214 -226
19850228 -226
19850314 -217
19850328 -220
19850414 -217
19850428 -223
19850514 -218
19850528 -216
19850628 -215
19850715 -221
19850729 -217
19850814 -220
19850828 -216
19850913 -230
19850927 -221
19851014 -229
19851028 -232
19851114 -217
19851128 -214
19851213 -213
19851227 -205
19860114 -206
19860128 -210
19860214 -221
19860228 -231
19860314 -223
19860327 -218
19860414 -226
19860428 -218
19860514 -221
19860528 -227
19860613 -232
19860627 -231
19860714 -245
19860728 -234
19860814 -247
19860828 -228
19860915 -233
19860929 -236
19861014 -235
19861028 -215
19861114 -217
19861128 -217
19861215 -211
19861229 -208
19870114 -210
19870128 -217
19870213 -210
19870227 -218
19870313 -222
19870327 -210
19870414 -220
19870428 -223
19870514 -210
19870527 -212
19870614 -211
19870628 -216
19870714 -230
19870728 -209
19870814 -210
19870828 -207
19870914 -216
19870928 -209
19871014 -211
19871028 -217
19871113 -216
19871127 -214
19871214 -215
19871228 -214
19880114 -206
19880128 -203
19880215 -201
19880229 -200
19880314 -201
19880328 -208
19880414 -227
19880428 -224
19880513 -224
19880527 -228
19880614 -230
19880628 -234
19880714 -214
19880728 -218
19880815 -225
19880829 -210
19880914 -219
19880928 -209
19881014 -209
19881028 -219
19881114 -214
19881128 -216
19881214 -210
19881228 -207
19890113 -210
19890127 -220
19890214 -225
19890228 -224
19890314 -217
19890328 -212
19890415 -215
19890428 -218
19890516 -224
19890529 -237
19890614 -224
19890628 -231
19890714 -226
19890728 -237
19890814 -236
19890828 -240
19890914 -237
19890928 -228
19891013 -230
19891027 -230
19891114 -229
19891128 -222
19891214 -213
19891228 -219
19900115 -213
19900129 -210
19900214 -213
19900228 -210
19900314 -214
19900328 -202
19900412 -209
19900427 -213
19900514 -223
19900528 -231
19900614 -229
19900628 -224
19900713 -228
19900727 -238
19900814 -233
19900828 -219
19900914 -220
19900928 -199
19901022 -200
19901029 -204
19901114 -205
19901128 -207
19901213 -193
19901227 -190
19910114 -193
19910128 -197
19910214 -204
19910228 -208
19910314 -198
19910328 -214
19910415 -218
19910429 -216
19910514 -215
19910528 -226
19910614 -220
19910628 -219
19910715 -202
19910729 -209
19910814 -231
19910828 -236
19910913 -236
19910927 -232
19911014 -205
19911028 -203
19911114 -202
19911128 -197
19911213 -200
19911227 -204
19920114 -205
19920128 -205
19920214 -208
19920228 -208
19920313 -197
19920327 -193
19920414 -211
19920428 -213
19920514 -222
19920520 -229
19920527 -228
19920614 -219
19920629 -239
19920714 -221
19920728 -228
19920814 -215
19920828 -200
19920914 -203
19920928 -210
19921014 -218
19921028 -205
19921114 -201
19921128 -205
19921214 -210
19921228 -210
19930114 -190
19930128 -192
19930215 -203
19930301 -201
19930315 -209
19930329 -218
19930414 -215
19930428 -214
19930514 -221
19930528 -216
19930614 -202
19930628 -216
19930714 -196
19930813 -207
19930827 -216
19930914 -200
19930928 -193
19931014 -195
19931028 -202
19931115 -194
19931129 -202
19931214 -189
19931228 -191
19940114 -195
19940128 -201
19940214 -210
19940228 -205
19940314 -198
19940414 -210
19940428 -220
19940513 -221
19940527 -218
19940614 -214
19940628 -230
19940714 -233
19940728 -228
19940815 -234
19940829 -228
19940914 -205
19940928 -215
19941004 -208
19941014 -212
19941028 -203
19941114 -193
19941128 -210
19941214 -202
19941228 -207
19950113 -201
19950127 -196
19950214 -200
19950228 -201
19950314 -200
19950328 -203
19950413 -216
19950428 -220
19950515 -228
19950529 -220
19950614 -214
19950628 -224
19950714 -221
19950728 -226
19950814 -236
19950828 -238
19950914 -234
19950928 -218
19951013 -217
19951027 -223
19951114 -218
19951128 -216
19951214 -220
19951228 -215
19960115 -219
19960129 -225
19960214 -213
19960228 -208
19960314 -211
19960328 -213
19960415 -218
19960429 -220
19960514 -221
19960528 -215
19960614 -235
19960628 -237
19960715 -235
19960729 -233
19960814 -225
19960828 -218
19960913 -220
19960927 -222
19961014 -210
19961028 -206
19961114 -203
19961128 -201
19961213 -211
19961227 -217
19970114 -224
19970128 -215
19970214 -196
19970228 -203
19970314 -200
19970327 -202
19970414 -210
19970428 -209
19970514 -201
19970528 -214
19970613 -222
19970627 -207
19970714 -218
19970728 -208
19970814 -230
19970828 -224
19970915 -219
19970929 -223
19971014 -198
19971028 -209
19971114 -205
19971128 -202
19971215 -200
19971229 -195
19980114 -195
19980128 -201
19980213 -206
19980228 -208
19980313 -205
19980327 -202
19980414 -195
19980428 -194
19980514 -217
19980528 -219
19980615 -196
19980629 -202
19980714 -211
19980728 -218
19980814 -226
19980828 -204
19980914 -196
19980928 -207
19981113 -195
19981122 -200
19981214 -195
19981228 -193
19990114 -194
19990128 -191
19990215 -201
19990301 -196
19990315 -205
19990329 -201
19990414 -192
19990428 -210
19990514 -220
19990528 -226
19990614 -220
19990628 -229
19990714 -230
19990728 -238
19990813 -208
19990827 -211
19990914 -229
19990928 -220
19991014 -216
19991028 -213
19991115 -204
19991129 -204
19991214 -203
19991228 -209
20000114 -213
20000128 -210
20000214 -207
20000228 -207
20000314 -209
20000328 -210
20000414 -214
20000428 -216
20000515 -234
20000529 -216
20000614 -220
20000628 -234
20000714 -215
20000728 -221
20000814 -235
20000828 -238
20000914 -229
20000928 -227
20001013 -212
20001030 -208
20001114 -206
20001128 -206
20001214 -194
20001228 -208
20010115 -213
20010129 -207
20010214 -207
20010228 -206
20010314 -208
20010328 -212
20010413 -207
20010427 -210
20010514 -226
20010528 -229
20010614 -234
20010628 -236
20010713 -232
20010727 -239
20010814 -218
20010828 -229
20010914 -209
20010928 -206
20011015 -220
20011029 -220
20011114 -210
20011128 -209
20011214 -214
20011228 -205
20020114 -208
20020128 -205
20020214 -210
20020228 -204
20020314 -210
20020328 -227
20020415 -220
20020429 -216
20020514 -222
20020528 -228
20020614 -222
20020628 -227
20020715 -219
20020729 -232
20020814 -229
20020828 -214
20020913 -216
20020927 -224
20021014 -220
20021028 -206
20021114 -200
20021128 -206
20021213 -214
20021227 -198
20030114 -211
20030128 -204
20030214 -214
20030228 -214
20030314 -214
20030328 -215
20030414 -218
20030428 -214
20030514 -208
20030528 -210
20030613 -232
20030627 -238
20030714 -205
20030728 -210
20030814 -219
20030828 -205
20030915 -198
20030929 -206
20031014 -209
20031028 -211
20031114 -208
20031128 -205
20031215 -210
20031229 -201
20040114 -200
20040128 -198
20040213 -206
20040227 -209
20040315 -211
20040329 -212
20040414 -215
20040428 -215
20040514 -220
20040528 -218
20040614 -218
20040628 -215
20040714 -206
20040728 -210
20040813 -220
20040827 -202
20040914 -210
20040928 -210
20041014 -211
20041028 -210
20041115 -213
20041129 -208
20041214 -207
20041228 -202
20050114 -208
20050128 -204
20050214 -198
20050228 -204
20050314 -200
20050329 -210
20050414 -208
20050428 -215
20050513 -216
20050527 -224
20050614 -214
20050628 -218
20050714 -207
20050728 -206
20050815 -201
20050829 -214
20050914 -208
20050928 -209
20051014 -209
20051028 -210
20051114 -211
20051128 -199
20051214 -204
20051228 -206
20060113 -205
20060127 -214
20060214 -204
20060228 -208
20060314 -201
20060328 -209
20060414 -209
20060428 -217
