         297
           2
"Date",-999.990
"PWTHEAD_19890814_L1.IDF",-999.990
19890114,-0.61634
19890128,-0.71870
19890210,-0.72763
19890211,-0.73852
19890212,-0.74789
19890214,-0.61763
19890228,-0.53362
19890314,-0.47750
19890328,-0.44295
19890414,-0.44627
19890428,-0.68165
19890514,-0.85829
19890528,-0.92913
19890614,-0.83236
19890628,-0.93068
19890714,-0.94535
19890728,-1.00158
19890814,-0.85452
19890828,-0.87437
19890914,-0.88565
19890928,-0.95760
19891014,-0.70632
19891028,-0.59238
19891114,-0.58682
19891128,-0.65474
19891214,-0.57740
19891228,-0.33827
19900114,-0.62197
19900128,-0.31880
19900214,-0.09835
19900228,-0.51516
19900314,-0.64727
19900328,-0.72251
19900414,-0.86266
19900428,-0.79632
19900514,-0.81868
19900528,-0.89897
19900614,-0.79031
19900628,-0.85408
19900714,-0.76340
19900728,-0.89571
19900814,-0.97952
19900828,-0.75326
19900914,-0.60779
19900928,-0.21860
19901014,-0.58700
19901028,-0.79331
19901114,-0.21716
19901128,-0.16556
19901214,-0.48746
19901228,-0.41347
19910114,-0.28641
19910128,-0.62810
19910214,-0.77147
19910228,-0.69318
19910314,-0.70382
19910328,-0.79494
19910414,-0.88648
19910428,-0.93697
19910514,-0.96702
19910528,-0.99534
19910614,-1.02020
19910628,-0.23389
19910714,-0.78391
19910728,-0.89618
19910814,-0.97527
19910828,-1.01884
19910914,-1.05502
19910928,-0.76524
19911014,-0.49228
19911028,-0.59042
19911114,-0.16926
19911128,-0.51395
19911214,-0.74063
19911228,-0.50246
19920114,-0.53861
19920128,-0.70432
19920214,-0.66978
19920228,-0.68996
19920314,-0.32560
19920328,-0.46680
19920414,-0.78106
19920428,-0.74945
19920514,-0.62240
19920528,-0.83469
19920614,-0.63576
19920628,-0.84881
19920714,-0.80766
19920728,-0.91431
19920814,-0.75037
19920828,-0.66479
19920914,-0.69244
19920928,-0.85464
19921014,-0.94074
19921028,-0.27720
19921114,-0.17931
19921128,0.00480
19921214,-0.35131
19921228,-0.63993
19930114,-0.43838
19930128,-0.49224
19930214,-0.66515
19930228,-0.59875
19930314,-0.78715
19930328,-0.87572
19930414,-0.92640
19930428,-0.95777
19930514,-1.00126
19930528,-1.00028
19930614,-1.00003
19930628,-1.03525
19930714,-1.06405
19930728,-0.62321
19930814,-0.42818
19930828,-0.67122
19930914,-0.50105
19930928,-0.03233
19931014,-0.28290
19931028,-0.56300
19931114,-0.29158
19931128,-0.62719
19931214,-0.18960
19931228,-0.29099
19940114,-0.34132
19940128,-0.20353
19940214,-0.61778
19940228,-0.60987
19940314,-0.45339
19940328,-0.47445
19940414,-0.52752
19940428,-0.73259
19940514,-0.86228
19940528,-0.67932
19940614,-0.85594
19940628,-0.92514
19940714,-0.67681
19940728,-0.86623
19940814,-0.83915
19940828,-0.92961
19940914,-0.59564
19940928,-0.38697
19941014,-0.66480
19941028,-0.34585
19941114,-0.35757
19941128,-0.52602
19941214,-0.36856
19941228,-0.18108
19950114,-0.36024
19950128,0.06994
19950214,-0.26318
19950228,-0.35912
19950314,-0.49576
19950328,-0.54925
19950414,-0.76187
19950428,-0.82164
19950514,-0.91243
19950528,-0.37638
19950614,-0.49607
19950628,-0.70068
19950714,-0.87079
19950728,-0.49660
19950814,-0.84923
19950828,-0.62288
19950914,-0.31448
19950928,-0.31443
19951014,-0.56069
19951028,-0.77667
19951114,-0.72742
19951128,-0.45068
19951214,-0.68852
19951228,-0.59366
19960114,-0.67927
19960128,-0.77781
19960214,-0.53811
19960228,-0.61334
19960314,-0.79457
19960328,-0.87637
19960414,-0.93304
19960428,-0.97435
19960514,-1.00002
19960528,-1.01074
19960614,-1.03353
19960628,-1.05630
19960714,-1.07281
19960728,-1.08776
19960814,-0.74808
19960828,-0.90321
19960914,-0.88984
19960928,-0.91174
19961014,-0.69462
19961028,-0.51743
19961114,-0.22501
19961128,-0.13273
19961214,-0.53036
19961228,-0.57348
19970114,-0.74425
19970128,-0.74685
19970214,-0.38240
19970228,-0.44771
19970314,-0.73167
19970328,-0.68605
19970414,-0.84989
19970428,-0.91772
19970514,-0.89938
19970528,-0.66722
19970614,-0.85678
19970628,-0.81576
19970714,-0.71171
19970728,-0.86695
19970814,-0.95356
19970828,-0.99949
19970914,-0.75323
19970928,-0.88430
19971014,-0.44183
19971028,-0.68829
19971114,-0.71863
19971128,-0.74491
19971214,-0.37410
19971228,-0.41418
19980114,-0.48135
19980128,-0.49752
19980214,-0.70824
19980228,-0.69064
19980314,-0.38315
19980328,-0.72170
19980414,-0.46828
19980428,-0.62047
19980514,-0.83671
19980528,-0.91474
19980614,-0.94541
19980628,-0.76440
19980714,-0.87122
19980728,-0.84630
19980814,-0.94099
19980828,-0.50809
19980914,-0.46890
19980928,-0.59909
19981014,-0.23789
19981028,0.19420
19981114,-0.20096
19981128,-0.48039
19981214,-0.44190
19981228,-0.25041
19990114,-0.39190
19990128,-0.30805
19990214,-0.56150
19990228,-0.53617
19990314,-0.57653
19990328,-0.56071
19990414,-0.54196
19990428,-0.78941
19990514,-0.88851
19990528,-0.94282
19990614,-0.83081
19990628,-0.92281
19990714,-0.97906
19990728,-1.02112
19990814,-0.99412
19990828,-0.75997
19990914,-0.91592
19990928,-0.46474
19991014,-0.44937
19991028,-0.72077
19991114,-0.72632
19991128,-0.30966
19991214,0.27218
19991228,-0.01382
20000114,-0.50258
20000128,-0.62595
20000214,-0.39972
20000228,-0.57226
20000314,-0.51093
20000328,-0.67185
20000414,-0.81392
20000428,-0.83049
20000514,-0.90200
20000528,-0.43449
20000614,-0.78595
20000628,-0.88819
20000714,-0.70383
20000728,-0.80960
20000814,-0.92603
20000828,-0.97927
20000914,-0.73152
20000928,-0.30928
20001014,-0.24571
20001028,-0.33633
20001114,-0.14967
20001128,-0.16619
20001214,-0.13698
20001228,-0.51088
20010114,-0.51546
20010128,-0.47806
20010214,-0.40767
20010228,-0.60507
20010314,-0.49892
20010328,-0.61976
