         297
           2
"Date",-999.990
"PWTHEAD_19890814_L1.IDF",-999.990
19890114,-0.65665
19890128,-0.75528
19890210,-0.76143
19890211,-0.77023
19890212,-0.77737
19890214,-0.65280
19890228,-0.59643
19890314,-0.54482
19890328,-0.50537
19890414,-0.44069
19890428,-0.65121
19890514,-0.77285
19890528,-0.80925
19890614,-0.73494
19890628,-0.80343
19890714,-0.80587
19890728,-0.83648
19890814,-0.75808
19890828,-0.74624
19890914,-0.77072
19890928,-0.80742
19891014,-0.63423
19891028,-0.61992
19891114,-0.63658
19891128,-0.70331
19891214,-0.61214
19891228,-0.41330
19900114,-0.67597
19900128,-0.38438
19900214,-0.17204
19900228,-0.57310
19900314,-0.69905
19900328,-0.75230
19900414,-0.80919
19900428,-0.74273
19900514,-0.73369
19900528,-0.79736
19900614,-0.71462
19900628,-0.76066
19900714,-0.69825
19900728,-0.78659
19900814,-0.82778
19900828,-0.68805
19900914,-0.55672
19900928,-0.20512
19901014,-0.61659
19901028,-0.79280
19901114,-0.28517
19901128,-0.21860
19901214,-0.53580
19901228,-0.46930
19910114,-0.35555
19910128,-0.67924
19910214,-0.78958
19910228,-0.73660
19910314,-0.75181
19910328,-0.81491
19910414,-0.83716
19910428,-0.84085
19910514,-0.84168
19910528,-0.84776
19910614,-0.85393
19910628,-0.18836
19910714,-0.72223
19910728,-0.78816
19910814,-0.82489
19910828,-0.84401
19910914,-0.85815
19910928,-0.60613
19911014,-0.49953
19911028,-0.63258
19911114,-0.24033
19911128,-0.56928
19911214,-0.76887
19911228,-0.56561
19920114,-0.60098
19920128,-0.74707
19920214,-0.71910
19920228,-0.74114
19920314,-0.37318
19920328,-0.53601
19920414,-0.74330
19920428,-0.69490
19920514,-0.59452
19920528,-0.75734
19920614,-0.60660
19920628,-0.76406
19920714,-0.69177
19920728,-0.79271
19920814,-0.62901
19920828,-0.61087
19920914,-0.64144
19920928,-0.75218
19921014,-0.87071
19921028,-0.31265
19921114,-0.24086
19921128,-0.05829
19921214,-0.40827
19921228,-0.69031
19930114,-0.49773
19930128,-0.55356
19930214,-0.71641
19930228,-0.65690
19930314,-0.80518
19930328,-0.89053
19930414,-0.87017
19930428,-0.85510
19930514,-0.85542
19930528,-0.84100
19930614,-0.83641
19930628,-0.85268
19930714,-0.86339
19930728,-0.48602
19930814,-0.38291
19930828,-0.62023
19930914,-0.43745
19930928,-0.01969
19931014,-0.30254
19931028,-0.60683
19931114,-0.34310
19931128,-0.68308
19931214,-0.26017
19931228,-0.36188
19940114,-0.40132
19940128,-0.27286
19940214,-0.67030
19940228,-0.64267
19940314,-0.51561
19940328,-0.53638
19940414,-0.51765
19940428,-0.67579
19940514,-0.77142
19940528,-0.64102
19940614,-0.77025
19940628,-0.80541
19940714,-0.63712
19940728,-0.76952
19940814,-0.75307
19940828,-0.80111
19940914,-0.52006
19940928,-0.31755
19941014,-0.67004
19941028,-0.37789
19941114,-0.41335
19941128,-0.57800
19941214,-0.43590
19941228,-0.25439
19950114,-0.42213
19950128,-0.02813
19950214,-0.32328
19950228,-0.41134
19950314,-0.53985
19950328,-0.59985
19950414,-0.71933
19950428,-0.74612
19950514,-0.79788
19950528,-0.35036
19950614,-0.47607
19950628,-0.65299
19950714,-0.76908
19950728,-0.40243
19950814,-0.75645
19950828,-0.52314
19950914,-0.31040
19950928,-0.28869
19951014,-0.56942
19951028,-0.77121
19951114,-0.75782
19951128,-0.51768
19951214,-0.72990
19951228,-0.65281
19960114,-0.73140
19960128,-0.79697
19960214,-0.59548
19960228,-0.67831
19960314,-0.80883
19960328,-0.89148
19960414,-0.87425
19960428,-0.86268
19960514,-0.85830
19960528,-0.85637
19960614,-0.85860
19960628,-0.86356
19960714,-0.86769
19960728,-0.87069
19960814,-0.61728
19960828,-0.77762
19960914,-0.73503
19960928,-0.77200
19961014,-0.69826
19961028,-0.54787
19961114,-0.31224
19961128,-0.23420
19961214,-0.55820
19961228,-0.61568
19970114,-0.76380
19970128,-0.77094
19970214,-0.45709
19970228,-0.51746
19970314,-0.75852
19970328,-0.72901
19970414,-0.79574
19970428,-0.81785
19970514,-0.78888
19970528,-0.63501
19970614,-0.76531
19970628,-0.72902
19970714,-0.66134
19970728,-0.76530
19970814,-0.80900
19970828,-0.82997
19970914,-0.64687
19970928,-0.76613
19971014,-0.45173
19971028,-0.70744
19971114,-0.74094
19971128,-0.75768
19971214,-0.45921
19971228,-0.48343
19980114,-0.54019
19980128,-0.54841
19980214,-0.73804
19980228,-0.72512
19980314,-0.46414
19980328,-0.74149
19980414,-0.47232
19980428,-0.59468
19980514,-0.75153
19980528,-0.79546
19980614,-0.80716
19980628,-0.64172
19980714,-0.75428
19980728,-0.74671
19980814,-0.80037
19980828,-0.45821
19980914,-0.43861
19980928,-0.53643
19981014,-0.29814
19981028,0.07172
19981114,-0.27183
19981128,-0.49323
19981214,-0.49279
19981228,-0.33173
19990114,-0.45108
19990128,-0.36709
19990214,-0.60692
19990228,-0.58994
19990314,-0.61948
19990328,-0.61409
19990414,-0.53843
19990428,-0.72342
19990514,-0.78561
19990528,-0.81288
19990614,-0.74185
19990628,-0.79745
19990714,-0.82441
19990728,-0.84308
19990814,-0.81216
19990828,-0.68054
19990914,-0.78638
19990928,-0.39245
19991014,-0.47045
19991028,-0.71802
19991114,-0.75205
19991128,-0.40233
19991214,0.12231
19991228,-0.11538
20000114,-0.50231
20000128,-0.64991
20000214,-0.46800
20000228,-0.61257
20000314,-0.56410
20000328,-0.70855
20000414,-0.75999
20000428,-0.75551
20000514,-0.79605
20000528,-0.43176
20000614,-0.71338
20000628,-0.77839
20000714,-0.62968
20000728,-0.73064
20000814,-0.79563
20000828,-0.82298
20000914,-0.66312
20000928,-0.30562
20001014,-0.31690
20001028,-0.38572
20001114,-0.24485
20001128,-0.24065
20001214,-0.21851
20001228,-0.53682
20010114,-0.55799
20010128,-0.53383
20010214,-0.47992
20010228,-0.64702
20010314,-0.55758
20010328,-0.67258
