2828
2
date -9999
head -9999
19911114 -345
19911128 -355
19911213 -364
19911228 -362
19920114 -360
19920128 -362
19920214 -362
19920228 -367
19920314 -367
19920328 -362
19920414 -367
19920428 -365
19920514 -367
19920527 -365
19920714 -371
19920728 -372
19920914 -359
19920928 -362
19921014 -367
19921028 -357
19921113 -354
19921127 -347
19921214 -342
19921228 -352
19930114 -352
19930128 -352
19930215 -359
19930227 -362
19930315 -367
19930327 -367
19930414 -359
19930428 -367
19930614 -367
19930628 -372
19930714 -369
19930728 -357
19930814 -362
19930828 -363
19930914 -362
19930928 -353
19931014 -357
19931028 -362
19931115 -360
19931129 -362
19931214 -352
19931228 -355
19940114 -342
19940128 -347
19940214 -355
19940228 -362
19940314 -362
19940328 -362
19940414 -357
19940428 -359
19940514 -360
19940520 -360
19940528 -365
19940614 -367
19940628 -369
19940714 -372
19940728 -377
19940815 -382
19940829 -379
19940914 -377
19940928 -362
19941014 -362
19941028 -362
19941114 -357
19941128 -362
19941214 -362
19941228 -352
19950113 -342
19950128 -332
19950214 -337
19950228 -342
19950314 -342
19950328 -352
19950414 -357
19950428 -362
19950515 -364
19950529 -365
19950614 -362
19950628 -367
19950714 -367
19950728 -372
19950814 -377
19950828 -377
19950914 -377
19950928 -372
19951013 -377
19951028 -377
19951114 -379
19951128 -379
19951214 -379
19951228 -377
19960113 -377
19960129 -379
19960214 -372
19960228 -372
19960314 -372
19960328 -372
19960413 -377
19960427 -375
19960514 -367
19960528 -367
19960614 -369
19960628 -367
19960714 -367
19960729 -369
19960814 -365
19960828 -367
19960914 -367
19960928 -367
19961014 -369
19961028 -369
19961114 -362
19961128 -352
19961214 -362
19961228 -365
19970114 -377
19970128 -377
19970214 -367
19970228 -372
19970314 -372
19970328 -367
19970414 -372
19970428 -367
19970514 -365
19970528 -357
19970614 -362
19970628 -362
19970714 -357
19970728 -362
19970814 -369
19970828 -369
19970915 -369
19970929 -377
19971014 -372
19971028 -377
19971114 -377
19971128 -375
19971215 -372
19971227 -367
19980114 -357
19980128 -357
19980214 -367
19980228 -347
19980314 -347
19980328 -347
19980414 -347
19980428 -349
19980514 -352
19980528 -352
19980614 -354
19980629 -352
19981014 -339
19981028 -327
19981115 -318
19981129 -328
19981215 -331
19981229 -329
19990114 -343
19990129 -339
19990214 -359
19990228 -347
19990314 -350
19990629 -358
19990715 -361
19990729 -366
19990814 -357
19990828 -359
19990915 -362
19990929 -363
19991015 -354
19991029 -358
19991114 -354
19991128 -349
19991214 -339
20000329 -344
20000414 -351
20000428 -355
20000514 -362
20000528 -355
20000615 -358
20000918 -367
20000920 -368
20000922 -370
20000924 -370
20000926 -370
20000928 -369
20000930 -369
20001002 -370
20001004 -372
20001006 -371
20001008 -369
20001010 -364
20001012 -366
20001014 -369
20001016 -367
20001018 -368
20001020 -366
20001022 -367
20001024 -367
20001026 -365
20001028 -364
20001030 -357
20001101 -358
20001103 -356
20001105 -357
20001107 -352
20001109 -350
20001111 -340
20001113 -339
20001115 -337
20001117 -338
20001119 -338
20001121 -338
20001123 -338
20001125 -338
20001127 -337
20001129 -337
20001201 -338
20001203 -337
20001205 -338
20010312 -339
20010314 -341
20010316 -342
20010318 -341
20010320 -343
20010322 -341
20010324 -338
20010326 -339
20010328 -339
20010330 -340
20010401 -343
20010403 -342
20010405 -343
20010407 -341
20010409 -342
20010411 -344
20010413 -346
20010415 -342
20010417 -344
20010419 -342
20010421 -343
20010423 -343
20010425 -343
20010427 -343
20010429 -343
20010501 -345
20010503 -344
20010505 -346
20010507 -348
20010509 -348
20010511 -349
20010513 -349
20010515 -349
20010517 -349
20010519 -352
20010521 -352
20010523 -352
20010525 -352
20010527 -353
20010529 -353
20010531 -353
20010602 -352
20010604 -354
20010606 -353
20010608 -354
20010610 -355
20010612 -357
20010614 -357
20010616 -356
20010618 -358
20010620 -358
20010621 -356
20010622 -358
20010623 -356
20010624 -358
20010625 -357
20010626 -359
20010627 -360
20010628 -358
20010629 -358
20010630 -363
20010701 -362
20010702 -356
20010703 -357
20010704 -364
20010705 -361
20010706 -359
20010707 -362
20010708 -358
20010709 -357
20010710 -361
20010711 -359
20010712 -355
20010713 -357
20010714 -363
20010715 -359
20010716 -354
20010717 -355
20010718 -362
20010719 -361
20010720 -354
20010721 -357
20010722 -358
20010723 -358
20010724 -359
20010725 -359
20010726 -360
20010727 -361
20010728 -358
20010729 -360
20010730 -362
20010731 -365
20010801 -355
20010802 -359
20010803 -364
20010804 -363
20010805 -359
20010806 -356
20010807 -354
20010808 -355
20010809 -353
20010810 -354
20010811 -348
20010812 -350
20010813 -353
20010814 -350
20010815 -354
20010816 -354
20010817 -347
20010818 -350
20010819 -357
20010820 -354
20010821 -352
20010822 -354
20010823 -355
20010824 -356
20010825 -355
20010826 -357
20010827 -353
20010828 -352
20010829 -353
20010830 -356
20010831 -360
20010901 -356
20010902 -357
20010903 -355
20010904 -357
20010905 -351
20010906 -354
20010907 -350
20010908 -352
20010909 -351
20010910 -349
20010911 -350
20010912 -343
20010913 -344
20010914 -342
20010915 -346
20010916 -342
20010917 -339
20010918 -332
20010919 -335
20010920 -324
20010921 -323
20010922 -322
20010923 -322
20010924 -323
20010925 -318
20010926 -315
20010927 -316
20010928 -313
20010929 -317
20010930 -313
20011001 -319
20011002 -324
20011003 -320
20011004 -319
20011005 -321
20011006 -322
20011007 -322
20011008 -329
20011009 -329
20011010 -330
20011011 -327
20011012 -330
20011013 -332
20011014 -333
20011015 -339
20011016 -335
20011017 -335
20011018 -337
20011019 -332
20011020 -334
20011021 -342
20011022 -340
20011023 -340
20011024 -338
20011025 -335
20011026 -337
20011027 -343
20011028 -341
20011029 -339
20011030 -338
20011031 -350
20011101 -343
20011102 -339
20011103 -343
20011104 -349
20011105 -344
20011106 -349
20011107 -342
20011108 -363
20011109 -344
20011110 -334
20011111 -339
20011112 -349
20011113 -343
20011114 -341
20011115 -340
20011116 -341
20011117 -343
20011118 -349
20011119 -346
20011120 -341
20011121 -342
20011122 -353
20011123 -345
20011124 -343
20011125 -339
20011126 -338
20011127 -336
20011128 -334
20011129 -334
20011130 -337
20011201 -335
20011202 -324
20011203 -329
20011204 -339
20011205 -323
20011206 -323
20011207 -331
20011208 -333
20011209 -335
20011210 -333
20011211 -335
20011212 -338
20011213 -338
20011214 -332
20011215 -335
20011216 -334
20011217 -338
20011218 -333
20011219 -334
20011220 -323
20011221 -331
20011222 -334
20011223 -327
20011224 -333
20011225 -328
20011226 -319
20011227 -320
20011228 -326
20011229 -319
20011230 -326
20011231 -324
20020101 -322
20020102 -325
20020103 -327
20020104 -328
20020105 -327
20020106 -329
20020107 -331
20020108 -331
20020109 -329
20020110 -331
20020111 -337
20020112 -333
20020113 -335
20020114 -334
20020118 -337
20020120 -336
20020122 -333
20020124 -333
20020126 -331
20020128 -326
20020130 -329
20020201 -330
20020203 -332
20020205 -330
20020207 -328
20020209 -331
20020211 -327
20020213 -325
20020215 -329
20020217 -333
20020219 -333
20020221 -329
20020223 -327
20020225 -323
20020227 -318
20020301 -318
20020303 -322
20020305 -326
20020307 -326
20020309 -330
20020311 -329
20020313 -331
20020315 -334
20020317 -335
20020319 -335
20020321 -334
20020323 -335
20020325 -340
20020327 -340
20020329 -341
20020331 -340
20020402 -341
20020404 -342
20020406 -342
20020408 -345
20020410 -346
20020412 -347
20020414 -345
20020416 -345
20020418 -347
20020420 -347
20020422 -350
20020424 -351
20020426 -351
20020428 -347
20020430 -346
20020502 -348
20020504 -349
20020506 -351
20020508 -351
20020510 -350
20020512 -350
20020514 -348
20020516 -355
20020518 -352
20020520 -356
20020522 -350
20020524 -351
20020526 -353
20020528 -353
20020530 -356
20020601 -358
20020603 -355
20020605 -349
20020607 -352
20020609 -353
20020610 -352
20020612 -353
20020614 -358
20020616 -353
20020618 -348
20020620 -348
20020622 -353
20020624 -352
20020626 -357
20020628 -351
20020630 -357
20020702 -352
20020704 -355
20020706 -353
20020708 -355
20020710 -354
20020712 -356
20020714 -356
20020716 -355
20020718 -357
20020720 -358
20020722 -359
20020724 -357
20020726 -356
20020728 -358
20020730 -357
20020801 -358
20020803 -359
20020805 -359
20020807 -359
20020809 -357
20020811 -357
20020813 -359
20020815 -360
20020817 -361
20020819 -359
20020821 -356
20020823 -356
20020825 -340
20020827 -338
20020829 -339
20020831 -339
20020902 -345
20020918 -345
20020920 -346
20020922 -348
20020924 -346
20020926 -349
20020928 -347
20020930 -349
20021002 -347
20021004 -348
20021006 -349
20021008 -349
20021010 -351
20021012 -350
20021014 -351
20021016 -351
20021018 -349
20021020 -348
20021022 -350
20021024 -344
20021026 -349
20021028 -347
20021030 -349
20021101 -347
20021103 -346
20021105 -342
20021107 -343
20021109 -335
20021111 -333
20021113 -333
20021115 -331
20021117 -332
20021119 -336
20021121 -338
20021123 -335
20021125 -338
20021127 -336
20021129 -339
20021201 -340
20021203 -337
20021205 -339
20021207 -342
20021209 -344
20021211 -345
20021213 -344
20021215 -346
20021217 -343
20021219 -346
20021221 -348
20021223 -343
20021225 -339
20021227 -338
20021229 -332
20021231 -330
20030102 -328
20030104 -317
20030106 -324
20030108 -326
20030110 -327
20030112 -330
20030114 -332
20030116 -333
20030118 -335
20030120 -338
20030121 -342
20030122 -333
20030123 -320
20030124 -336
20030125 -344
20030126 -341
20030127 -336
20030128 -342
20030129 -336
20030130 -333
20030131 -321
20030201 -336
20030202 -341
20030203 -334
20030204 -335
20030205 -330
20030206 -330
20030207 -334
20030208 -334
20030209 -336
20030210 -336
20030211 -338
20030212 -338
20030213 -340
20030214 -340
20030215 -341
20030216 -342
20030217 -343
20030218 -345
20030219 -345
20030220 -345
20030221 -343
20030222 -345
20030223 -344
20030224 -344
20030225 -348
20030226 -349
20030227 -346
20030228 -344
20030301 -348
20030302 -351
20030303 -347
20030304 -349
20030305 -350
20030306 -344
20030307 -350
20030308 -349
20030309 -348
20030310 -345
20030311 -350
20030312 -341
20030313 -351
20030314 -356
20030315 -353
20030316 -353
20030317 -355
20030318 -354
20030319 -354
20030320 -355
20030321 -354
20030322 -355
20030323 -355
20030324 -354
20030325 -356
20030326 -356
20030327 -356
20030328 -359
20030329 -356
20030330 -355
20030331 -356
20030401 -371
20030402 -355
20030403 -346
20030404 -354
20030405 -355
20030406 -356
20030407 -356
20030408 -357
20030409 -360
20030410 -357
20030411 -356
20030412 -355
20030413 -356
20030414 -358
20030415 -358
20030416 -358
20030417 -356
20030418 -361
20030419 -365
20030420 -361
20030421 -360
20030422 -360
20030426 -361
20030428 -359
20030430 -358
20030502 -360
20030504 -360
20030506 -360
20030508 -363
20030510 -361
20030512 -361
20030514 -360
20030516 -361
20030518 -360
20030520 -360
20030522 -366
20030524 -367
20030526 -363
20030528 -366
20030530 -367
20030601 -366
20030603 -366
20030605 -367
20030607 -370
20030609 -369
20030611 -371
20030613 -372
20030615 -374
20030617 -374
20030619 -372
20030621 -374
20030623 -375
20030625 -372
20030627 -377
20030629 -375
20030701 -375
20030703 -371
20030705 -373
20030707 -375
20030709 -376
20030711 -377
20030713 -377
20030715 -379
20030717 -377
20030719 -379
20030721 -380
20030723 -380
20030725 -380
20030727 -379
20030729 -379
20030731 -381
20030802 -381
20030804 -383
20030805 -384
20030806 -385
20030807 -386
20030808 -385
20030809 -384
20030810 -384
20030811 -382
20030812 -384
20030813 -383
20030814 -384
20030815 -384
20030816 -385
20030817 -387
20030818 -384
20030819 -381
20030820 -385
20030821 -388
20030822 -385
20030823 -383
20030824 -385
20030826 -384
20030827 -381
20030828 -383
20030829 -386
20030830 -380
20030831 -378
20030901 -380
20030902 -379
20030903 -381
20030904 -381
20030905 -384
20030906 -384
20030907 -383
20030908 -386
20030909 -381
20030910 -384
20030911 -378
20030912 -375
20030913 -378
20030914 -379
20030915 -380
20030916 -379
20030917 -380
20030918 -383
20030919 -379
20030920 -378
20030921 -380
20030922 -394
20030923 -376
20030924 -368
20030925 -377
20030926 -381
20030927 -378
20030928 -385
20030929 -376
20030930 -374
20031001 -377
20031002 -370
20031003 -375
20031004 -376
20031005 -372
20031006 -378
20031007 -372
20031008 -371
20031009 -370
20031010 -374
20031011 -371
20031012 -371
20031013 -373
20031014 -371
20031015 -373
20031016 -373
20031017 -376
20031018 -377
20031019 -376
20031020 -378
20031021 -374
20031022 -375
20031023 -374
20031024 -375
20031025 -377
20031026 -378
20031027 -375
20031028 -376
20031029 -378
20031030 -374
20031031 -372
20031101 -364
20031102 -369
20031103 -373
20031104 -369
20031105 -378
20031106 -375
20031107 -371
20031108 -375
20031109 -374
20031110 -373
20031111 -372
20031112 -373
20031114 -373
20031115 -369
20031116 -368
20031117 -367
20031118 -368
20031119 -369
20031120 -371
20031121 -370
20031122 -371
20031123 -368
20031124 -364
20031125 -365
20031126 -368
20031127 -362
20031128 -363
20031129 -368
20031130 -367
20031201 -365
20031202 -364
20031203 -364
20031204 -368
20031205 -367
20031206 -367
20031207 -368
20031208 -369
20031209 -368
20031210 -368
20031211 -368
20031212 -364
20031213 -369
20031214 -361
20031215 -360
20031216 -362
20031217 -365
20031218 -365
20031219 -363
20031220 -367
20031221 -358
20031222 -356
20031223 -362
20031224 -359
20031225 -362
20031226 -363
20031227 -359
20031228 -354
20031229 -350
20031230 -351
20031231 -353
20040101 -358
20040102 -349
20040103 -355
20040104 -356
20040105 -354
20040106 -355
20040107 -352
20040108 -357
20040109 -349
20040110 -348
20040111 -354
20040112 -349
20040113 -349
20040114 -344
20040115 -342
20040116 -348
20040117 -338
20040118 -337
20040119 -348
20040120 -335
20040121 -336
20040122 -338
20040123 -337
20040124 -339
20040125 -338
20040126 -341
20040127 -339
20040128 -340
20040129 -337
20040130 -338
20040131 -342
20040201 -329
20040202 -334
20040203 -334
20040204 -335
20040205 -336
20040206 -340
20040207 -335
20040208 -334
20040209 -331
20040210 -340
20040211 -334
20040212 -335
20040213 -340
20040214 -339
20040215 -338
20040216 -339
20040217 -340
20040218 -342
20040219 -341
20040220 -343
20040221 -342
20040222 -341
20040223 -341
20040224 -346
20040225 -343
20040226 -343
20040227 -340
20040228 -338
20040229 -339
20040301 -345
20040302 -348
20040303 -348
20040304 -348
20040305 -346
20040306 -345
20040307 -344
20040308 -345
20040309 -348
20040310 -349
20040311 -349
20040312 -350
20040313 -345
20040314 -348
20040315 -349
20040316 -352
20040317 -352
20040318 -353
20040319 -351
20040320 -349
20040321 -347
20040322 -346
20040323 -348
20040324 -348
20040325 -350
20040326 -351
20040327 -352
20040328 -351
20040329 -352
20040330 -354
20040331 -353
20040401 -353
20040402 -352
20040403 -353
20040404 -355
20040405 -357
20040406 -354
20040407 -351
20040408 -353
20040409 -355
20040410 -355
20040411 -354
20040412 -357
20040413 -358
20040414 -358
20040415 -358
20040416 -359
20040417 -359
20040418 -358
20040419 -352
20040420 -354
20040421 -357
20040422 -357
20040423 -358
20040424 -360
20040425 -361
20040426 -363
20040427 -362
20040428 -360
20040429 -359
20040430 -358
20040501 -356
20040502 -360
20040503 -361
20040504 -361
20040505 -356
20040506 -356
20040507 -361
20040508 -359
20040509 -358
20040510 -359
20040511 -360
20040512 -362
20040513 -362
20040514 -361
20040515 -363
20040516 -365
20040517 -366
20040518 -364
20040519 -365
20040520 -364
20040521 -363
20040522 -363
20040523 -365
20040524 -366
20040525 -364
20040526 -364
20040527 -364
20040528 -365
20040529 -367
20040530 -366
20040531 -365
20040601 -365
20040602 -362
20040603 -365
20040604 -367
20040605 -364
20040606 -365
20040607 -366
20040608 -367
20040609 -367
20040610 -367
20040611 -367
20040612 -364
20040613 -365
20040614 -370
20040615 -369
20040616 -368
20040617 -369
20040618 -368
20040619 -367
20040620 -367
20040621 -366
20040622 -368
20040623 -369
20040624 -362
20040625 -362
20040626 -367
20040627 -366
20040628 -366
20040629 -368
20040630 -370
20040701 -367
20040702 -366
20040703 -364
20040704 -364
20040705 -365
20040706 -365
20040707 -367
20040708 -364
20040709 -362
20040710 -364
20040711 -365
20040712 -363
20040713 -364
20040714 -366
20040715 -366
20040716 -366
20040717 -365
20040718 -362
20040719 -364
20040720 -365
20040721 -363
20040722 -365
20040723 -364
20040724 -364
20040725 -367
20040726 -364
20040727 -364
20040728 -365
20040729 -366
20040730 -365
20040731 -366
20040801 -368
20040802 -369
20040803 -368
20040804 -366
20040805 -368
20040806 -366
20040807 -368
20040808 -369
20040809 -368
20040810 -368
20040811 -369
20040812 -371
20040813 -367
20040814 -364
20040815 -369
20040816 -367
20040817 -365
20040818 -365
20040819 -363
20040820 -365
20040821 -362
20040822 -366
20040823 -368
20040824 -365
20040825 -359
20040826 -357
20040827 -359
20040828 -356
20040829 -358
20040830 -355
20040831 -354
20040901 -356
20040902 -356
20040903 -356
20040904 -357
20040905 -359
20040906 -358
20040907 -358
20040908 -361
20040911 -361
20040913 -363
20040915 -357
20040917 -365
20040919 -362
20040921 -361
20040923 -362
20040925 -358
20040927 -358
20040929 -355
20041001 -357
20041003 -355
20041005 -356
20041007 -355
20041009 -356
20041011 -357
20041013 -359
20041015 -357
20041017 -357
20041019 -359
20041021 -355
20041023 -362
20041025 -359
20041027 -364
20041029 -360
20041031 -360
20041102 -362
20041104 -362
20041106 -364
20041108 -363
20041110 -362
20041112 -364
20041114 -363
20041116 -362
20041118 -362
20041120 -351
20041122 -352
20041124 -351
20041126 -352
20041128 -354
20041130 -352
20041202 -350
20041203 -352
20041204 -357
20041205 -357
20041206 -357
20041207 -359
20041208 -361
20041209 -356
20041210 -355
20041211 -358
20041212 -359
20041213 -359
20041214 -355
20041215 -290
20041216 -307
20041217 -319
20041218 -310
20041219 -299
20041220 -292
20041221 -288
20041222 -298
20041223 -304
20041224 -312
20041225 -314
20041226 -303
20041227 -295
20041228 -301
20041229 -351
20041230 -354
20041231 -350
20050101 -295
20050102 -349
20050103 -356
20050104 -352
20050105 -290
20050106 -354
20050107 -289
20050108 -294
20050109 -291
20050110 -292
20050111 -294
20050112 -292
20050113 -354
20050114 -359
20050115 -357
20050116 -288
20050117 -298
20050118 -311
20050119 -304
20050120 -308
20050121 -302
20050122 -345
20050123 -348
20050124 -353
20050125 -356
20050126 -358
20050127 -291
20050128 -295
20050129 -352
20050130 -358
20050131 -354
20050201 -357
20050202 -359
20050203 -362
20050204 -360
20050205 -351
20050206 -353
20050207 -354
20050208 -356
20050209 -355
20050210 -350
20050211 -348
20050212 -308
20050213 -313
20050214 -332
20050215 -347
20050216 -354
20050217 -355
20050218 -345
20050219 -340
20050220 -337
20050221 -339
20050222 -341
20050223 -341
20050224 -343
20050225 -346
20050226 -345
20050227 -353
20050228 -350
20050301 -303
20050302 -308
20050303 -342
20050304 -302
20050305 -302
20050306 -349
20050307 -351
20050308 -353
20050309 -357
20050310 -356
20050311 -301
20050312 -308
20050313 -302
20050314 -298
20050315 -294
20050316 -292
20050318 -356
20050319 -356
20050320 -287
20050321 -295
20050322 -299
20050323 -295
20050324 -294
20050325 -294
20050326 -300
20050327 -302
20050328 -298
20050329 -297
20050330 -295
20050331 -288
20050401 -285
20050402 -288
20050403 -289
20050404 -290
20050405 -286
20050406 -295
20050407 -307
20050408 -306
20050409 -294
20050410 -285
20050411 -358
20050412 -287
20050413 -299
20050414 -306
20050415 -305
20050416 -304
20050417 -307
20050418 -308
20050419 -304
20050420 -297
20050421 -291
20050422 -293
20050423 -298
20050424 -301
20050425 -301
20050426 -298
20050427 -294
20050428 -291
20050429 -290
20050430 -294
20050501 -300
20050502 -298
20050503 -297
20050504 -295
20050505 -292
20050506 -293
20050507 -298
20050508 -299
20050509 -296
20050510 -290
20050511 -285
20050512 -286
20050513 -290
20050514 -294
20050515 -294
20050516 -294
20050517 -292
20050518 -288
20050519 -290
20050520 -295
20050521 -299
20050522 -300
20050523 -294
20050524 -290
20050525 -288
20050526 -290
20050527 -296
20050528 -294
20050529 -290
20050530 -287
20050531 -285
20050601 -287
20050602 -292
20050603 -299
20050604 -298
20050605 -294
20050606 -287
20050607 -363
20050608 -366
20050609 -378
20050610 -285
20050611 -292
20050612 -300
20050613 -302
20050614 -298
20050615 -294
20050616 -289
20050617 -284
20050618 -283
20050619 -289
20050620 -293
20050621 -291
20050622 -287
20050623 -290
20050624 -295
20050625 -291
20050626 -286
20050627 -287
20050628 -292
20050629 -299
20050630 -301
20050701 -295
20050702 -291
20050703 -292
20050704 -361
20050705 -367
20050706 -364
20050707 -366
20050708 -371
20050709 -377
20050710 -881
20050711 -884
20050712 -884
20050713 -381
20050714 -376
20050715 -372
20050716 -372
20050717 -372
20050718 -366
20050719 -371
20050720 -374
20050721 -372
20050722 -370
20050723 -367
20050724 -362
20050725 -359
20050726 -366
20050727 -366
20050728 -366
20050729 -367
20050730 -368
20050731 -370
20050801 -375
20050802 -378
20050803 -377
20050804 -380
20050805 -373
20050806 -373
20050807 -371
20050808 -373
20050809 -371
20050810 -371
20050811 -371
20050812 -370
20050813 -371
20050814 -370
20050815 -377
20050816 -378
20050817 -376
20050818 -370
20050819 -368
20050820 -373
20050821 -376
20050822 -372
20050823 -373
20050824 -367
20050825 -361
20050826 -369
20050827 -374
20050828 -377
20050829 -379
20050830 -380
20050831 -372
20050901 -372
20050902 -380
20050903 -384
20050904 -379
20050905 -371
20050906 -366
20050907 -368
20050908 -369
20050909 -367
20050910 -366
20050911 -367
20050912 -375
20050913 -380
20050914 -377
20050915 -369
20050916 -370
20050917 -378
20050918 -383
20050919 -382
20050920 -381
20050921 -379
20050922 -376
20050923 -370
20050924 -372
20050925 -369
20050926 -372
20050927 -372
20050928 -374
20050929 -375
20050930 -374
20051001 -369
20051002 -376
20051003 -884
20051004 -884
20051005 -382
20051006 -380
20051007 -375
20051008 -373
20051009 -377
20051010 -375
20051011 -371
20051012 -370
20051013 -374
20051014 -881
20051015 -883
20051016 -381
20051017 -380
20051018 -375
20051019 -369
20051020 -366
20051021 -356
20051022 -356
20051023 -367
20051024 -367
20051025 -362
20051026 -370
20051028 -360
20051029 -360
20051030 -358
20051031 -354
20051101 -357
20051102 -356
20051103 -354
20051104 -358
20051105 -366
20051106 -367
20051107 -366
20051108 -365
20051109 -367
20051110 -375
20051111 -371
20051112 -362
20051113 -368
20051114 -372
20051115 -358
20051116 -349
20051117 -356
20051118 -367
20051119 -375
20051120 -876
20051121 -877
20051122 -884
20051123 -883
20051124 -361
20051125 -829
20051126 -328
20051127 -337
20051128 -341
20051129 -349
20051130 -356
20051201 -354
20051202 -340
20051203 -338
20051204 -339
20051205 -342
20051206 -348
20051207 -856
20051208 -862
20051209 -881
20051210 -888
20051211 -885
20051212 -882
20051213 -882
20051214 -875
20051215 -865
20051216 -352
20051217 -354
20051218 -864
20051219 -865
20051220 -873
20051221 -876
20051222 -875
20051223 -871
20051224 -868
20051225 -870
20051226 -362
20051227 -358
20051228 -360
20051229 -360
20051230 -356
20051231 -342
20060101 -346
20060102 -865
20060103 -874
20060104 -878
20060105 -870
20060106 -869
20060107 -872
20060108 -873
20060109 -874
20060110 -872
20060111 -868
20060112 -877
20060113 -874
20060114 -872
20060115 -368
20060116 -362
20060117 -348
20060118 -356
20060119 -364
20060120 -360
20060121 -367
20060122 -882
20060123 -886
20060124 -880
20060125 -368
20060126 -370
20060127 -371
20060128 -872
20060129 -877
20060130 -362
20060131 -360
20060201 142
20060202 144
20060203 142
20060204 -359
20060205 140
20060206 141
20060207 150
20060208 161
20060209 156
20060210 147
20060211 145
20060212 145
20060213 148
20060214 153
20060215 166
20060216 -320
20060217 179
20060218 175
20060219 167
20060220 159
20060221 150
20060222 -358
20060223 144
20060224 147
20060225 146
20060226 145
20060227 155
20060228 166
20060301 168
20060302 167
20060303 168
20060304 170
20060305 162
20060306 154
20060308 -362
20060309 -359
20060310 -357
20060311 -360
20060312 -361
20060313 -361
20060314 -360
20060315 -360
20060316 -360
20060317 -361
20060318 -360
20060319 -360
20060320 -360
20060321 -360
20060322 -361
20060323 -361
20060324 -360
20060325 -362
20060326 -363
20060327 -362
20060328 -363
20060329 -365
20060330 -363
20060331 -364
20060401 -364
20060402 -364
20060403 -366
20060404 -365
20060405 -365
20060406 -365
20060407 -365
20060408 -364
20060409 -365
20060410 -367
20060411 -367
20060412 -366
20060413 -365
20060414 -367
20060415 -366
20060416 -366
20060417 -367
20060418 -367
20060419 -368
20060420 -368
20060421 -368
20060422 -369
20060423 -368
20060424 -369
20060425 -369
20060426 -370
20060427 -370
20060428 -370
20060429 -370
20060430 -369
20060501 -369
20060502 -369
20060503 -370
20060504 -371
20060505 -371
20060506 -371
20060507 -372
20060508 -372
20060509 -372
20060510 -372
20060511 -373
20060512 -373
20060513 -373
20060514 -375
20060515 -374
20060516 -374
20060517 -374
20060518 -373
20060519 -371
20060520 -369
20060521 -370
20060522 -369
20060523 -371
20060524 -370
20060525 -369
20060526 -368
20060527 -369
20060528 -367
20060529 -366
20060530 -367
20060531 -367
20060601 -364
20060602 -367
20060603 -366
20060604 -366
20060605 -366
20060606 -368
20060607 -367
20060608 -368
20060609 -368
20060610 -369
20060611 -370
20060612 -369
20060613 -369
20060614 -370
20060615 -367
20060616 -367
20060617 -367
20060618 -368
20060619 -368
20060620 -368
20060621 -367
20060622 -367
20060623 -369
20060624 -369
20060625 -369
20060626 -368
20060627 -369
20060628 -370
20060629 -372
20060630 -372
20060701 -373
20060702 -373
20060703 -374
20060704 -374
20060705 -374
20060706 -375
20060707 -375
20060708 -375
20060709 -375
20060710 -376
20060711 -376
20060712 -376
20060713 -376
20060714 -378
20060715 -378
20060716 -378
20060717 -378
20060718 -379
20060719 -379
20060720 -379
20060721 -380
20060722 -379
20060723 -380
20060724 -380
20060725 -380
20060726 -380
20060727 -380
20060728 -379
20060729 -379
20060730 -380
20060731 -380
20060801 -377
20060802 -376
20060803 -376
20060804 -374
20060805 -375
20060806 -375
20060807 -375
20060808 -376
20060809 -375
20060810 -374
20060811 -373
20060812 -372
20060813 -372
20060814 -368
20060815 -367
20060816 -366
20060817 -366
20060818 -366
20060819 -367
20060820 -366
20060821 -365
20060822 -362
20060823 -362
20060824 -360
20060825 -358
20060826 -357
20060827 -356
20060828 -354
20060829 -354
20060830 -353
20060831 -353
20060901 -353
20060902 -353
20060903 -352
20060904 -354
20060905 -355
20060906 -354
20060907 -355
20060908 -357
20060909 -357
20060910 -357
20060911 -358
20060912 -357
20060913 -356
20060914 -356
20060915 -357
20060916 -359
20060917 -360
20060918 -360
20060919 -360
20060920 -361
20060921 -361
20060922 -362
20060923 -362
20060924 -363
20060925 -362
20060926 -364
20060927 -363
20060928 -364
20060929 -364
20060930 -364
20061001 -364
20061002 -363
20061003 -362
20061004 -363
20061005 -364
20061006 -363
20061007 -361
20061008 -361
20061009 -361
20061010 -361
20061011 -360
20061012 -361
20061013 -362
20061014 -362
20061015 -362
20061016 -361
20061017 -361
20061018 -360
20061019 -359
20061020 -359
20061021 -360
20061022 -360
20061023 -359
20061024 -354
20061025 -356
20061026 -355
20061027 -358
20061028 -357
20061029 -358
20061030 -357
20061031 -356
20061101 -357
20061102 -358
20061103 -359
20061104 -358
20061105 -357
20061106 -357
20061107 -357
20061108 -356
20061109 -358
20061110 -358
20061111 -355
20061112 -355
20061113 -352
20061114 -352
20061115 -352
20061116 -351
20061117 -350
20061118 -351
20061119 -351
20061120 -350
20061121 -348
20061122 -347
20061123 -345
20061124 -346
20061125 -345
20061126 -348
20061127 -348
20061128 -348
20061129 -352
20061130 -352
20061201 -351
20061202 -350
20061203 -348
20061204 -348
20061205 -347
20061206 -349
20061207 -346
20061208 -343
20061209 -345
20061210 -347
20061211 -346
20061212 -345
20061213 -345
20061214 -345
20061215 -345
20061216 -345
20061217 -346
20061218 -346
20061219 -348
20061220 -348
20061221 -350
20061222 -350
20061223 -350
20061224 -351
20061225 -351
20061226 -352
20061227 -352
20061228 -351
20061229 -351
20061230 -352
20061231 -352
20070101 -352
20070102 -351
20070103 -352
20070104 -350
20070105 -352
20070106 -352
20070107 -352
20070108 -349
20070109 -349
20070110 -349
20070111 -347
20070112 -350
20070113 -350
20070114 -352
20070115 -351
20070116 -350
20070117 -350
20070118 -341
20070119 -344
20070120 -342
20070121 -342
20070122 -343
20070123 -342
20070124 -342
20070125 -345
20070126 -344
20070127 -347
20070128 -346
20070129 -347
20070130 -348
20070131 -347
20070201 -350
20070202 -351
20070203 -352
20070204 -352
20070205 -349
20070206 -349
20070207 -348
20070208 -347
20070209 -350
20070210 -350
20070211 -347
20070212 -345
20070213 -348
20070214 -347
20070215 -349
20070216 -348
20070217 -347
20070218 -348
20070219 -348
20070220 -349
20070221 -349
20070222 -350
20070223 -350
20070224 -348
20070225 -348
20070226 -348
20070227 -348
20070228 -344
20070301 -342
20070302 -344
20070303 -341
20070304 -341
20070305 -339
20070306 -337
20070307 -334
20070308 -336
20070309 -336
20070310 -338
20070311 -338
20070312 -337
20070313 -339
20070314 -341
20070315 -340
20070316 -340
20070317 -341
20070318 -338
20070319 -338
20070320 -340
20070321 -342
20070322 -341
20070323 -342
20070324 -342
20070325 -344
20070326 -345
20070327 -345
20070328 -345
20070329 -345
20070330 -347
20070331 -349
20070401 -350
20070402 -351
20070403 -350
20070404 -352
20070405 -351
20070406 -353
20070407 -354
20070408 -353
20070409 -353
20070410 -354
20070411 -356
20070412 -355
20070413 -355
20070414 -356
20070415 -356
20070416 -357
20070417 -357
20070418 -358
20070419 -358
20070420 -359
20070421 -358
20070422 -359
20070423 -359
20070424 -360
20070425 -360
20070426 -361
20070427 -361
20070428 -362
20070429 -362
20070430 -362
20070501 -362
20070502 -363
20070503 -363
20070504 -362
20070505 -363
20070506 -364
20070507 -362
20070508 -361
20070509 -362
20070510 -360
20070511 -359
20070512 -358
20070513 -357
20070514 -358
20070515 -360
20070516 -359
20070517 -359
20070518 -359
20070519 -360
20070520 -360
20070521 -360
20070522 -361
20070523 -361
20070524 -361
20070525 -360
20070526 -360
20070527 -358
20070528 -359
20070529 -360
20070530 -360
20070531 -361
20070601 -362
20070602 -363
20070603 -364
20070604 -364
20070605 -364
20070606 -364
20070607 -364
20070608 -363
20070609 -363
20070610 -363
20070611 -363
20070612 -362
20070613 -362
20070614 -361
20070615 -360
20070616 -360
20070617 -360
20070618 -360
20070619 -360
20070620 -360
20070621 -360
20070622 -358
20070623 -354
20070624 -353
20070625 -351
20070626 -349
20070627 -348
20070628 -350
20070629 -349
20070630 -350
20070701 -349
20070702 -349
20070703 -349
20070704 -348
20070705 -345
20070706 -343
20070707 -345
20070708 -345
20070709 -345
20070710 -344
20070711 -345
20070712 -345
20070713 -346
20070714 -347
20070715 -347
20070716 -347
20070717 -344
20070718 -345
20070719 -346
20070720 -346
20070721 -346
20070722 -345
20070723 -344
20070724 -343
20070725 -343
20070726 -344
20070727 -345
20070728 -345
20070729 -340
20070730 -339
20070731 -339
20070801 -339
20070802 -340
20070803 -342
20070804 -344
20070805 -343
20070806 -344
20070807 -345
20070808 -347
20070809 -347
20070810 -348
20070811 -349
20070812 -350
20070813 -351
20070814 -350
20070815 -349
20070816 -351
20070817 -351
20070818 -351
20070819 -351
20070820 -351
20070821 -352
20070822 -353
20070823 -353
20070824 -355
20070825 -357
20070826 -357
20070827 -357
20070828 -357
20070829 -358
20070830 -358
20070831 -358
20070901 -359
20070902 -359
20070903 -358
20070904 -360
20070905 -360
20070906 -360
20070907 -360
20070908 -360
20070909 -360
20070910 -359
20070911 -362
20070912 -362
20070913 -362
20070914 -361
20070915 -362
20070916 -362
20070917 -361
20070918 -362
20070919 -362
20070920 -362
20070921 -363
20070922 -364
20070923 -364
20070924 -362
20070925 -362
20070926 -362
20070927 -362
20070928 -360
20070929 -361
20070930 -362
20071001 -363
20071002 -363
20071003 -363
20071004 -363
20071005 -364
20071006 -364
20071007 -364
20071008 -365
20071009 -365
20071010 -365
20071011 -365
20071012 -365
20071013 -366
20071014 -365
20071015 -365
20071016 -365
20071017 -366
20071018 -367
20071019 -369
20071020 -368
20071021 -367
20071022 -368
20071023 -368
20071024 -369
20071025 -368
20071026 -368
20071027 -369
20071028 -368
20071029 -368
20071030 -369
20071031 -370
20071101 -370
20071102 -371
20071103 -370
20071104 -371
20071105 -370
20071106 -371
20071107 -370
20071108 -370
20071109 -370
20071110 -369
20071111 -369
20071112 -370
20071113 -368
20071114 -368
20071115 -369
20071116 -369
20071117 -368
20071118 -367
20071119 -366
20071120 -367
20071121 -366
20071122 -367
20071123 -369
20071124 -369
20071125 -369
20071126 -370
20071127 -370
20071128 -369
20071129 -368
20071130 -368
20071201 -367
20071202 -364
20071203 -363
20071204 -365
20071205 -363
20071206 -362
20071207 -358
20071208 -358
20071209 -355
20071210 -356
20071211 -358
20071212 -359
20071213 -359
20071214 -359
20071215 -358
20071216 -358
20071217 -358
20071218 -359
20071219 -360
20071220 -359
20071221 -359
20071222 -358
20071223 -360
20071224 -360
20071225 -359
20071226 -361
20071227 -362
20071228 -361
20071229 -360
20071230 -363
20071231 -364
20080101 -363
20080102 -363
20080103 -362
20080104 -362
20080105 -362
20080106 -364
20080107 -364
20080108 -365
20080109 -364
20080110 -364
20080111 -362
20080112 -362
20080113 -362
20080114 -360
20080115 -360
20080116 -359
20080117 -360
20080118 -361
20080119 -360
20080120 -358
20080121 -356
20080122 -356
20080123 -355
20080124 -355
20080125 -357
20080126 -357
20080127 -357
20080128 -357
20080129 -357
20080130 -356
20080131 -355
20080201 -353
20080202 -355
20080203 -355
20080204 -354
20080205 -355
20080206 -356
20080207 -359
20080208 -359
20080209 -359
20080210 -360
20080211 -360
20080212 -361
20080213 -361
20080214 -362
20080215 -362
20080216 -364
20080217 -363
20080218 -362
20080219 -362
20080220 -361
20080221 -362
20080222 -362
20080223 -364
20080224 -363
20080225 -363
20080226 -362
20080227 -364
20080228 -364
20080229 -364
20080301 -363
20080302 -364
20080303 -364
20080304 -366
20080305 -368
20080306 -367
20080307 -366
20080308 -366
20080309 -365
20080310 -361
20080311 -361
20080312 -362
20080313 -364
20080314 -364
20080315 -364
20080316 -362
20080317 -363
20080318 -363
20080319 -363
20080320 -362
20080321 -356
20080322 -356
20080323 -356
20080324 -355
20080325 -356
20080326 -354
20080327 -353
20080328 -354
20080329 -355
20080330 -353
20080331 -355
20080401 -355
20080402 -355
20080403 -357
20080404 -356
20080405 -353
20080406 -353
20080407 -353
20080408 -354
20080409 -353
20080410 -354
20080411 -354
20080412 -356
20080413 -357
20080414 -357
20080415 -359
20080416 -359
20080417 -358
20080418 -358
20080419 -359
20080420 -360
20080421 -360
20080422 -362
20080423 -363
20080424 -363
20080425 -364
20080426 -364
20080427 -364
20080428 -363
20080429 -361
20080430 -361
20080501 -363
20080502 -365
20080503 -366
20080504 -366
20080505 -366
20080506 -367
20080507 -366
20080508 -366
20080509 -366
20080510 -368
20080511 -368
20080512 -368
20080513 -369
20080514 -368
20080515 -368
20080516 -366
20080517 -366
20080518 -366
20080519 -367
20080520 -368
20080521 -368
20080522 -368
20080523 -368
20080524 -367
20080525 -368
20080526 -367
20080527 -367
20080528 -366
20080529 -367
20080530 -367
20080531 -368
20080601 -367
20080602 -366
20080603 -365
20080604 -366
20080605 -366
20080606 -365
20080607 -366
20080608 -367
20080609 -367
20080610 -368
20080611 -369
20080612 -367
20080613 -368
20080614 -368
20080615 -367
20080616 -368
20080617 -368
20080618 -369
20080619 -370
20080620 -370
20080621 -370
20080622 -369
20080623 -372
20080624 -372
20080625 -372
20080626 -372
20080627 -372
20080628 -372
20080629 -373
20080630 -374
20080701 -373
20080702 -373
20080703 -373
20080704 -374
20080705 -374
20080706 -373
20080707 -372
20080708 -371
20080709 -372
20080710 -368
20080711 -368
20080712 -367
20080713 -367
20080714 -368
20080715 -368
20080716 -368
20080717 -367
20080718 -366
20080719 -365
20080720 -366
20080721 -365
20080722 -366
20080723 -366
20080724 -365
20080725 -364
20080726 -364
20080727 -365
20080728 -364
20080729 -364
20080730 -364
20080731 -364
20080801 -364
20080802 -363
20080803 -363
20080804 -362
20080805 -363
20080806 -363
20080807 -359
20080808 -356
20080809 -356
20080810 -355
20080811 -355
20080812 -354
20080813 -356
20080814 -357
20080815 -358
20080816 -358
20080817 -358
20080818 -358
20080819 -357
20080820 -357
20080821 -358
20080822 -358
20080823 -357
20080824 -358
20080825 -359
20080826 -360
20080827 -360
20080828 -360
20080829 -360
20080830 -360
20080831 -359
20080901 -360
20080902 -359
20080903 -357
20080904 -358
20080905 -357
20080906 -357
20080907 -359
20080908 -359
20080909 -359
20080910 -359
20080911 -358
20080912 -358
20080913 -358
20080914 -359
20080915 -359
20080916 -360
20080917 -359
20080918 -358
20080919 -359
20080920 -361
20080921 -360
20080922 -360
20080923 -360
20080924 -361
20080925 -362
20080926 -363
20080927 -363
20080928 -362
20080929 -360
20080930 -359
20081001 -358
20081002 -358
20081003 -356
20081004 -356
20081005 -354
20081006 -353
20081007 -352
20081008 -354
20081009 -356
20081010 -356
20081011 -355
20081012 -355
20081013 -354
20081014 -355
20081015 -354
20081016 -355
20081017 -354
20081018 -354
20081019 -355
20081020 -354
20081021 -354
20081022 -356
20081023 -356
20081024 -357
20081025 -358
20081026 -357
20081027 -354
20081028 -354
20081029 -354
20081030 -352
20081031 -354
20081101 -354
20081102 -356
20081103 -356
20081104 -357
20081105 -357
20081106 -357
20081107 -358
20081108 -358
20081109 -358
20081110 -357
20081111 -353
20081112 -353
20081113 -353
20081114 -353
20081115 -353
20081116 -353
20081117 -354
20081118 -352
20081119 -353
20081120 -353
20081121 -352
20081122 -353
20081123 -350
20081124 -348
20081125 -349
20081126 -350
20081127 -349
20081128 -348
20081129 -347
20081130 -347
20081201 -349
20081202 -348
20081203 -346
20081204 -343
20081205 -344
20081206 -347
20081207 -350
20081208 -349
20081209 -348
20081210 -348
20081211 -345
20081212 -346
20081213 -344
20081214 -345
20081215 -347
20081216 -347
20081217 -348
20081218 -349
20081219 -351
20081220 -350
20081221 -352
20081222 -352
20081223 -353
20081224 -353
20081225 -354
20081226 -355
20081227 -355
20081228 -354
20081229 -355
20081230 -355
20081231 -355
20090101 -356
20090102 -356
20090103 -356
20090104 -355
20090105 -356
20090106 -356
20090107 -356
20090108 -357
20090109 -358
20090110 -358
20090111 -358
20090112 -357
20090113 -357
20090114 -357
20090115 -358
20090116 -359
20090117 -358
20090118 -355
20090119 -353
20090120 -354
20090121 -356
20090122 -355
20090123 -348
20090124 -350
20090125 -351
20090126 -352
20090127 -354
20090128 -354
20090129 -355
20090130 -356
20090131 -355
20090201 -355
20090202 -355
20090203 -354
20090204 -355
20090205 -354
20090206 -355
20090207 -356
20090208 -357
20090209 -358
20090210 -353
20090211 -354
20090212 -354
20090213 -354
20090214 -355
20090215 -355
20090216 -353
20090217 -352
20090218 -353
20090219 -352
20090220 -353
20090221 -353
20090222 -352
20090223 -352
20090224 -354
20090225 -354
20090226 -353
20090227 -352
20090228 -352
20090301 -353
20090302 -354
20090303 -354
20090304 -350
20090305 -352
20090306 -355
20090307 -356
20090308 -355
20090309 -357
20090310 -356
20090311 -359
20090312 -358
20090313 -358
20090314 -358
20090315 -361
20090316 -362
20090317 -362
20090318 -362
20090319 -361
20090320 -362
20090321 -362
20090322 -362
20090323 -359
20090324 -360
20090325 -357
20090326 -358
20090327 -357
20090328 -356
20090329 -357
20090330 -359
20090331 -360
20090401 -360
20090402 -359
20090403 -359
20090404 -359
20090405 -360
20090406 -359
