612
2
date -9999
head -9999
19641128 -415
19641215 -371
19641231 -415
19650101 -415
19650116 -415
19650128 -366
19650217 -421
19650304 -419
19650331 -423
19650415 -424
19650429 -398
19650516 -410
19650529 -421
19650616 -415
19650701 -429
19650716 -420
19650730 -416
19650815 -421
19650828 -423
19650915 -431
19650929 -430
19651016 -425
19651029 -431
19651116 -429
19651201 -424
19651215 -415
19660101 -415
19660115 -414
19660129 -416
19660214 -417
19660228 -430
19660315 -424
19660329 -422
19660415 -423
19660429 -420
19660514 -426
19660528 -427
19660629 -420
19660715 -414
19660729 -415
19660816 -422
19660830 -416
19660915 -425
19661015 -423
19661028 -424
19661115 -429
19661129 -409
19661215 -393
19661228 -390
19670101 -392
19670115 -400
19670128 -419
19670214 -417
19670315 -424
19670329 -431
19670415 -423
19670429 -427
19670517 -427
19670531 -426
19670615 -426
19670629 -428
19670715 -426
19670730 -426
19670816 -425
19670829 -428
19670916 -424
19670930 -423
19671030 -423
19671115 -426
19671130 -421
19671215 -421
19671229 -417
19680101 -418
19680110 -420
19680129 -423
19680215 -422
19680228 -425
19680314 -427
19680329 -427
19680416 -431
19680429 -428
19680514 -431
19680528 -428
19680614 -431
19680629 -429
19680715 -429
19680730 -430
19680814 -332
19680815 -422
19680828 -399
19680829 -426
19680914 -429
19680928 -341
19680929 -424
19681014 -342
19681015 -423
19681029 -426
19681115 -430
19681129 -427
19681214 -428
19681228 -421
19690101 -422
19690115 -423
19690128 -426
19690214 -347
19690228 -374
19690314 -328
19690315 -420
19690330 -429
19690415 -429
19690429 -429
19690515 -426
19690529 -427
19690614 -430
19690628 -430
19690714 -432
19690728 -434
19690814 -429
19690828 -431
19690915 -432
19691014 -432
19691028 -432
19691114 -429
19700114 -428
19700128 -426
19700213 -429
19700227 -428
19700313 -429
19700326 -430
19700414 -432
19700428 -434
19700514 -436
19700528 -436
19700615 -437
19700629 -432
19700714 -435
19700728 -436
19700814 -438
19700828 -438
19700914 -439
19700928 -439
19701014 -438
19701028 -435
19701113 -434
19701127 -434
19701214 -431
19701228 -430
19710114 -430
19710128 -431
19710215 -432
19710301 -432
19710315 -431
19710329 -430
19710414 -431
19710428 -424
19710514 -426
19710528 -426
19710614 -376
19710628 -376
19710714 -376
19710728 -374
19710813 -372
19710827 -374
19710914 -374
19710928 -375
19711014 -369
19711028 -376
19711115 -385
19711129 -384
19711214 -385
19711228 -387
19720114 -389
19720128 -391
19720214 -376
19720228 -346
19720314 -348
19720328 -346
19720414 -346
19720428 -349
19720515 -348
19720529 -348
19720614 -347
19720626 -347
19720714 -349
19720728 -348
19720814 -346
19720828 -345
19720914 -348
19720928 -348
19721013 -348
19721114 -345
19721128 -346
19721214 -347
19721228 -349
19730115 -346
19730129 -345
19730214 -342
19730228 -344
19730314 -346
19730328 -346
19730413 -346
19730427 -350
19730514 -350
19730528 -350
19730828 -354
19730914 -354
19730928 -353
19731015 -353
19731029 -350
19731114 -349
19731128 -346
19731214 -342
19731228 -341
19740114 -344
19740128 -346
19740214 -344
19740228 -343
19740314 -346
19740328 -348
19740416 -351
19740429 -351
19740514 -350
19740528 -349
19740614 -349
19740628 -351
19740714 -349
19740728 -349
19740814 -348
19740828 -347
19740913 -350
19740927 -350
19741014 -351
19741028 -350
19741114 -346
19741128 -346
19741213 -346
19741227 -344
19750114 -344
19750128 -343
19750214 -345
19750228 -346
19750314 -347
19750328 -346
19750414 -346
19750428 -348
19750514 -350
19750528 -352
19750613 -352
19750627 -351
19750714 -350
19750728 -351
19750814 -351
19750828 -352
19750915 -354
19750929 -354
19751014 -353
19751028 -351
19751114 -351
19751128 -351
19751215 -350
19751229 -350
19760114 -350
19760128 -350
19760213 -348
19760227 -345
19760314 -344
19760328 -345
19760414 -348
19760428 -351
19760514 -352
19760528 -357
19760614 -357
19760628 -356
19760714 -357
19760728 -358
19760813 -358
19760827 -359
19760914 -359
19760928 -359
19761014 -358
19761028 -358
19761114 -356
19761128 -356
19761214 -356
19761228 -357
19770114 -354
19770128 -352
19770214 -352
19770228 -351
19770314 -352
19770328 -352
19770414 -354
19770513 -355
19770528 -357
19770614 -349
19770628 -347
19770714 -358
19770728 -356
19770815 -354
19770829 -354
19770914 -354
19770928 -354
19771014 -355
19771028 -358
19771114 -359
19771128 -357
19771214 -356
19771228 -354
19780113 -353
19780127 -353
19780601 -358
19780614 -360
19780714 -366
19780728 -358
19780814 -356
19780828 -361
19780914 -359
19780929 -359
19781017 -356
19781030 -356
19781114 -359
19781130 -356
19781214 -356
19781227 -352
19790115 -353
19790201 -350
19790213 -353
19790302 -353
19790314 -350
19790328 -349
19790417 -351
19790427 -356
19790515 -351
19790528 -349
19790615 -349
19790628 -352
19790716 -352
19790730 -350
19790820 -356
19790828 -356
19790914 -359
19790928 -360
19791015 -356
19791029 -360
19791114 -352
19791128 -356
19791213 -354
19800102 -349
19800115 -351
19800129 -356
19800215 -348
19800228 -354
19800314 -350
19800328 -352
19800414 -356
19800429 -354
19800516 -356
19800528 -356
19800616 -356
19800714 -350
19800728 -354
19800815 -353
19800828 -366
19800915 -358
19800929 -358
19801015 -356
19801027 -356
19801114 -359
19801127 -359
19801216 -356
19801229 -355
19810114 -352
19810128 -356
19810213 -356
19810302 -353
19810313 -346
19810330 -348
19810414 -356
19810428 -356
19810514 -356
19810527 -356
19810615 -353
19810629 -354
19810713 -356
19810728 -354
19810814 -346
19810831 -357
19810915 -356
19810928 -356
19811014 -356
19811029 -348
19811116 -354
19811130 -351
19811215 -346
19811229 -343
19820201 -356
19820215 -351
19820301 -352
19820315 -352
19820329 -345
19820414 -356
19820429 -354
19820514 -356
19820528 -356
19820615 -356
19820629 -356
19820714 -356
19820728 -356
19820816 -359
19820830 -356
19820914 -356
19820928 -356
19821014 -352
19821028 -356
19821115 -356
19821129 -356
19821229 -356
19830128 -353
19830228 -349
19830328 -351
19830502 -350
19830527 -354
19830627 -351
19830728 -356
19830829 -356
19830928 -353
19831026 -356
19831128 -352
19831229 -331
19840130 -347
19840229 -348
19840328 -351
19840428 -358
19840529 -353
19840702 -354
19840730 -356
19840827 -376
19840927 -356
19841029 -356
19841128 -349
19841231 -351
19850128 -349
19850228 -356
19850328 -359
19850429 -354
19850528 -352
19850628 -356
19850730 -349
19850828 -354
19850930 -352
19851028 -356
19851128 -350
19851230 -351
19860127 -349
19860227 -356
19860327 -351
19860428 -353
19860528 -354
19860630 -354
19860901 -372
19860929 -356
19861103 -354
19861201 -353
19861229 -353
19870128 -306
19870226 -327
19870330 -338
19870428 -349
19870429 -354
19870601 -356
19870629 -356
19870727 -341
19870827 -342
19870928 -349
19871026 -343
19871130 -344
19871228 -331
19880116 -334
19880229 -334
19880328 -336
19880428 -344
19880531 -348
19880628 -347
19880801 -353
19880825 -343
19881003 -353
19881031 -343
19881128 -343
19881228 -338
19890127 -345
19890228 -347
19890328 -337
19890501 -338
19890529 -340
19890627 -317
19890728 -313
19890928 -320
19891031 -315
19891128 -307
19891228 -303
19900130 -292
19900330 -355
19900430 -358
19900515 -346
19900606 -351
19900731 -355
19900829 -358
19901029 -349
19901129 -349
19901231 -349
19910128 -347
19910228 -350
19910328 -354
19910501 -353
19910528 -354
19910627 -349
19910827 -366
19911001 -352
19911030 -354
19911128 -346
19911231 -349
19920129 -353
19920227 -336
19920331 -347
19920601 -352
19921126 -350
19921229 -345
19930201 -348
19930301 -345
19930329 -355
19930427 -351
19930627 -346
19931028 -355
19931129 -346
19940131 -342
19940228 -345
19940329 -345
19940428 -346
19940527 -349
19940627 -349
19940728 -357
19940829 -354
19940930 -352
19941019 -351
19941028 -351
19941128 -352
19941228 -341
19950128 -340
19950228 -343
19950329 -347
19950428 -349
19950529 -348
19950628 -352
19950731 -354
19950828 -357
19950928 -357
19951030 -376
19951127 -357
19960129 -357
19960303 -357
19960328 -357
19960501 -357
19960528 -360
19960628 -361
19960729 -362
19960928 -360
19961028 -353
19961128 -354
19961228 -356
19970128 -360
19970228 -356
19970314 -357
19970428 -352
19970526 -325
19970628 -355
19970728 -355
19970828 -356
19970929 -359
19971028 -357
19971128 -357
19971230 -352
19980130 -353
19980228 -353
19980328 -350
19980428 -350
19980528 -352
19980701 -346
19980728 -353
19980827 -356
19980928 -350
19981027 -347
19981130 -348
19981229 -346
19990129 -348
19990227 -345
19990402 -346
19990429 -348
19990507 -351
19990531 -351
19990628 -351
19990827 -352
19990928 -353
19991028 -353
19991129 -352
19991227 -344
20000128 -349
20000227 -346
20000328 -350
20000428 -352
20000527 -342
20000628 -344
20000728 -343
