62
2
date -9999
head -9999
19521215 -555
19530427 -582
19530828 -589
19531014 -588
19531214 -572
19540428 -609
19540827 -563
19541014 -560
19541213 -558
19550428 -595
19550829 -602
19551013 -571
19560426 -579
19590828 -624
19591014 -646
19591214 -581
19600428 -602
19600829 -586
19601014 -560
19601214 -554
19610429 -580
19610828 -596
19611013 -591
19611214 -558
19620427 -584
19620828 -612
19621015 -598
19621214 -542
19630429 -583
19630828 -555
19631014 -562
19631213 -571
19640428 -570
19640828 -589
19641014 -550
19641214 -547
19650428 -547
19650827 -560
19651014 -586
19651214 -546
19660428 -546
19660829 -585
19661013 -566
19661214 -559
19670428 -583
19670829 -592
19671013 -564
19671214 -548
19680429 -598
19680828 -573
19681014 -548
19681213 -573
19690428 -552
19690828 -569
19691014 -616
19691215 -550
19700428 -560
19700828 -621
19701014 -591
19701214 -554
19710428 -590
19710827 -622
