1551
2
date -9999
head -9999
19981112 -515
19981129 -515
19981215 -519
19981229 -516
19990114 -516
19990128 -514
19990215 -518
19990301 -518
19990315 -515
19990329 -516
19990414 -517
19990428 -514
19990514 -521
19990528 -523
19990615 -521
19990629 -517
19990715 -519
19990729 -521
19990814 -515
19990828 -518
19990915 -520
19990929 -517
19991015 -517
19991029 -519
19991114 -516
19991128 -516
19991214 -512
19991228 -511
20000115 -519
20000129 -511
20000214 -517
20000228 -514
20000315 -517
20000329 -516
20000414 -516
20000428 -516
20000514 -520
20000528 -515
20000615 -519
20000629 -518
20000715 -514
20000729 -517
20000814 -519
20000821 -517
20000823 -518
20000825 -518
20000827 -517
20000829 -517
20000831 -516
20000902 -513
20000904 -518
20000906 -515
20000908 -517
20000910 -518
20000912 -516
20000914 -517
20000916 -514
20000918 -515
20000920 -516
20000922 -518
20000924 -518
20000926 -517
20000928 -513
20000930 -514
20001002 -514
20001004 -517
20001006 -515
20001008 -513
20001010 -508
20001012 -511
20001014 -516
20001016 -513
20001018 -516
20001020 -514
20001022 -516
20001024 -515
20001026 -514
20001028 -513
20001030 -506
20001101 -510
20001103 -510
20001105 -513
20001107 -507
20001109 -510
20001111 -506
20001113 -502
20001115 -508
20001117 -509
20001119 -507
20001120 -508
20001122 -510
20001124 -511
20001126 -510
20001128 -512
20001130 -514
20001202 -513
20001204 -512
20001206 -512
20001208 -511
20001210 -512
20001212 -512
20001214 -510
20001216 -511
20001218 -513
20001220 -513
20001222 -512
20001224 -509
20001226 -508
20001228 -508
20001230 -509
20010101 -508
20010103 -510
20010105 -506
20010107 -512
20010109 -514
20010111 -515
20010113 -517
20010115 -515
20010117 -513
20010119 -514
20010121 -515
20010123 -510
20010125 -511
20010127 -511
20010129 -515
20010131 -516
20010202 -514
20010204 -508
20010206 -507
20010208 -507
20010210 -515
20010212 -513
20010214 -516
20010216 -514
20010218 -517
20010220 -515
20010221 -511
20010223 -508
20010225 -509
20010227 -506
20010301 -507
20010303 -510
20010305 -514
20010307 -511
20010309 -509
20010311 -511
20010313 -509
20010315 -512
20010317 -511
20010319 -512
20010321 -509
20010323 -507
20010325 -509
20010327 -512
20010329 -508
20010331 -514
20010402 -511
20010404 -510
20010406 -509
20010408 -512
20010410 -510
20010412 -515
20010414 -513
20010416 -510
20010418 -508
20010420 -509
20010422 -509
20010424 -510
20010426 -511
20010428 -509
20010430 -509
20010502 -512
20010504 -510
20010506 -514
20010508 -514
20010510 -513
20010512 -513
20010514 -512
20010516 -509
20010518 -512
20010520 -514
20010522 -514
20010524 -513
20010526 -513
20010528 -514
20010530 -513
20010601 -513
20010603 -512
20010605 -514
20010607 -514
20010609 -516
20010611 -518
20010613 -516
20010615 -515
20010617 -513
20010619 -517
20010621 -514
20010623 -516
20010625 -517
20010627 -516
20010629 -518
20010701 -520
20010703 -517
20010705 -516
20010707 -514
20010709 -516
20010711 -515
20010713 -514
20010715 -514
20010717 -514
20010719 -512
20010721 -515
20010723 -515
20010725 -515
20010727 -516
20010729 -517
20010731 -516
20010802 -513
20010804 -515
20010806 -512
20010808 -510
20010810 -513
20010812 -511
20010814 -511
20010816 -511
20010818 -511
20010820 -512
20010822 -514
20010824 -512
20010826 -513
20010828 -513
20010830 -512
20010831 -516
20010902 -517
20010904 -514
20010906 -515
20010908 -514
20010910 -513
20010912 -514
20010914 -512
20010916 -512
20010918 -510
20010920 -505
20010922 -502
20010924 -506
20010926 -509
20010928 -509
20010930 -510
20011002 -508
20011004 -511
20011006 -510
20011008 -512
20011010 -515
20011012 -516
20011014 -514
20011016 -516
20011018 -514
20011020 -512
20011022 -514
20011024 -515
20011026 -514
20011028 -516
20011030 -514
20011101 -518
20011103 -517
20011105 -516
20011107 -511
20011109 -515
20011111 -516
20011113 -515
20011115 -519
20011117 -518
20011119 -516
20011121 -516
20011123 -517
20011125 -513
20011127 -512
20011129 -513
20011201 -513
20011203 -508
20011205 -507
20011207 -512
20011209 -513
20011211 -511
20011213 -510
20011215 -510
20011217 -510
20011219 -508
20011221 -504
20011223 -508
20011225 -503
20011227 -504
20011229 -504
20011231 -511
20020102 -511
20020104 -511
20020106 -511
20020108 -511
20020110 -510
20020112 -510
20020114 -509
20020116 -508
20020118 -508
20020120 -507
20020122 -507
20020124 -505
20020126 -507
20020128 -508
20020130 -508
20020201 -509
20020203 -508
20020205 -506
20020207 -510
20020209 -506
20020211 -506
20020213 -509
20020215 -511
20020217 -509
20020219 -508
20020221 -509
20020223 -505
20020225 -504
20020227 -503
20020301 -507
20020303 -508
20020305 -508
20020307 -509
20020309 -507
20020311 -507
20020313 -508
20020315 -508
20020317 -508
20020319 -508
20020321 -510
20020323 -513
20020325 -512
20020327 -512
20020329 -510
20020331 -510
20020402 -510
20020404 -510
20020406 -512
20020408 -513
20020410 -512
20020412 -510
20020414 -511
20020416 -512
20020418 -512
20020420 -515
20020422 -515
20020424 -513
20020426 -508
20020428 -508
20020430 -510
20020502 -511
20020504 -514
20020506 -515
20020508 -512
20020510 -511
20020512 -513
20020514 -514
20020516 -516
20020518 -514
20020520 -515
20020522 -511
20020524 -514
20020526 -513
20020528 -514
20020530 -518
20020601 -518
20020603 -514
20020605 -512
20020607 -514
20020609 -515
20020610 -516
20020612 -515
20020614 -516
20020616 -516
20020618 -516
20020620 -516
20020622 -516
20020624 -517
20020626 -517
20020628 -516
20020630 -515
20020702 -513
20020704 -515
20020706 -516
20020708 -515
20020710 -515
20020712 -516
20020714 -517
20020716 -516
20020718 -517
20020720 -516
20020722 -516
20020724 -516
20020726 -516
20020728 -518
20020730 -517
20020801 -517
20020803 -517
20020805 -516
20020807 -516
20020809 -514
20020811 -514
20020813 -517
20020815 -517
20020817 -517
20020819 -516
20020821 -515
20020823 -515
20020825 -512
20020827 -509
20020829 -511
20020831 -513
20020902 -515
20020904 -510
20020906 -512
20020908 -511
20020910 -513
20020912 -514
20020914 -514
20020916 -513
20020918 -514
20020920 -514
20020922 -512
20020924 -515
20020926 -513
20020928 -515
20020930 -515
20021002 -513
20021004 -514
20021006 -513
20021008 -512
20021010 -513
20021012 -513
20021014 -510
20021016 -510
20021018 -512
20021020 -514
20021022 -508
20021024 -514
20021026 -514
20021028 -516
20021030 -512
20021101 -511
20021103 -508
20021105 -514
20021107 -510
20021109 -508
20021111 -509
20021113 -506
20021115 -508
20021117 -512
20021119 -511
20021121 -509
20021123 -510
20021125 -510
20021127 -513
20021129 -512
20021201 -512
20021203 -512
20021205 -516
20021207 -516
20021209 -516
20021211 -514
20021213 -513
20021215 -511
20021217 -514
20021219 -515
20021221 -513
20021223 -510
20021225 -511
20021227 -507
20021229 -510
20021231 -512
20030102 -504
20030104 -511
20030106 -512
20030108 -512
20030110 -513
20030112 -515
20030114 -513
20030116 -513
20030118 -511
20030120 -507
20030122 -507
20030123 -508
20030125 -523
20030127 -510
20030129 -513
20030131 -502
20030202 -514
20030204 -517
20030206 -513
20030208 -515
20030210 -518
20030212 -517
20030214 -520
20030216 -519
20030218 -518
20030220 -519
20030222 -519
20030224 -516
20030226 -521
20030228 -515
20030302 -523
20030304 -518
20030306 -515
20030308 -519
20030310 -513
20030312 -515
20030314 -527
20030316 -520
20030318 -521
20030320 -521
20030322 -521
20030324 -520
20030326 -521
20030328 -524
20030330 -523
20030401 -535
20030403 -515
20030405 -522
20030407 -521
20030409 -521
20030411 -520
20030413 -519
20030415 -522
20030417 -520
20030419 -524
20030421 -523
20030424 -515
20030426 -512
20030428 -512
20030430 -513
20030502 -514
20030504 -515
20030506 -517
20030508 -515
20030510 -515
20030512 -513
20030514 -514
20030516 -513
20030518 -513
20030520 -512
20030522 -514
20030524 -510
20030526 -513
20030528 -528
20030530 -527
20030601 -528
20030603 -529
20030605 -530
20030607 -530
20030609 -531
20030611 -531
20030613 -532
20030615 -532
20030617 -531
20030619 -533
20030621 -532
20030623 -530
20030625 -533
20030627 -532
20030629 -532
20030701 -529
20030703 -530
20030705 -533
20030707 -533
20030709 -533
20030711 -531
20030713 -533
20030715 -532
20030717 -533
20030719 -534
20030721 -534
20030723 -534
20030725 -532
20030727 -532
20030729 -535
20030731 -534
20030802 -535
20030804 -537
20030806 -536
20030808 -536
20030810 -534
20030812 -535
20030814 -535
20030816 -535
20030818 -534
20030820 -535
20030822 -534
20030824 -534
20030826 -533
20030828 -532
20030830 -534
20030901 -533
20030903 -536
20030905 -532
20030907 -532
20030909 -530
20030911 -531
20030913 -534
20030915 -532
20030917 -530
20030919 -531
20030921 -531
20030923 -529
20030925 -532
20030927 -530
20030929 -529
20031001 -529
20031003 -528
20031005 -529
20031007 -525
20031009 -528
20031011 -530
20031013 -530
20031015 -531
20031017 -529
20031019 -526
20031021 -527
20031023 -529
20031025 -527
20031027 -528
20031029 -523
20031031 -520
20031102 -525
20031104 -531
20031106 -531
20031108 -528
20031110 -529
20031112 -527
20031113 -529
20031115 -527
20031117 -528
20031119 -527
20031121 -526
20031123 -524
20031125 -525
20031127 -524
20031129 -526
20031201 -525
20031203 -530
20031205 -530
20031207 -531
20031209 -527
20031211 -525
20031213 -523
20031215 -526
20031217 -527
20031219 -525
20031221 -522
20031223 -525
20031225 -525
20031227 -522
20031229 -522
20031231 -527
20040102 -526
20040104 -523
20040106 -522
20040108 -521
20040110 -523
20040112 -520
20040114 -520
20040116 -518
20040118 -527
20040120 -522
20040122 -522
20040124 -521
20040126 -521
20040128 -518
20040130 -521
20040201 -521
20040203 -523
20040205 -523
20040207 -520
20040209 -524
20040211 -522
20040213 -524
20040215 -522
20040217 -523
20040219 -523
20040221 -519
20040223 -522
20040225 -519
20040227 -518
20040229 -524
20040302 -526
20040304 -523
20040306 -522
20040308 -526
20040310 -524
20040312 -521
20040314 -524
20040316 -525
20040318 -524
20040320 -519
20040322 -522
20040324 -524
20040326 -524
20040328 -524
20040330 -524
20040401 -524
20040403 -525
20040405 -524
20040407 -524
20040409 -526
20040411 -527
20040413 -527
20040415 -526
20040417 -523
20040419 -523
20040421 -527
20040423 -530
20040425 -530
20040427 -528
20040429 -526
20040501 -526
20040503 -525
20040505 -522
20040507 -526
20040509 -527
20040511 -530
20040513 -530
20040515 -532
20040517 -531
20040519 -530
20040521 -530
20040523 -532
20040909 -526
20040911 -523
20040913 -523
20040915 -525
20040917 -526
20040919 -525
20040921 -525
20040923 -522
20040925 -525
20040927 -524
20040929 -523
20041001 -523
20041003 -523
20041005 -522
20041007 -523
20041009 -524
20041011 -524
20041013 -523
20041015 -520
20041017 -522
20041019 -524
20041021 -524
20041023 -523
20041025 -523
20041027 -523
20041029 -522
20041031 -526
20041102 -525
20041104 -525
20041106 -525
20041108 -525
20041110 -522
20041112 -523
20041114 -526
20041116 -525
20041118 -523
20041120 -522
20041122 -521
20041124 -524
20041126 -522
20041128 -519
20041130 -521
20041202 -521
20041203 -520
20041205 -521
20041207 -521
20041209 -520
20041211 -522
20041213 -521
20041215 -520
20041217 -514
20041219 -520
20041221 -521
20041223 -518
20041225 -516
20041227 -521
20041229 -522
20041231 -520
20050102 -521
20050104 -520
20050106 -521
20050108 -518
20050110 -519
20050112 -520
20050114 -522
20050116 -520
20050118 -515
20050120 -516
20050122 -519
20050124 -520
20050126 -521
20050128 -517
20050130 -521
20050201 -520
20050203 -521
20050205 -518
20050207 -520
20050209 -520
20050211 -518
20050213 -513
20050215 -518
20050217 -519
20050219 -516
20050221 -516
20050223 -516
20050225 -518
20050227 -520
20050301 -516
20050303 -518
20050305 -517
20050307 -520
20050309 -520
20050311 -517
20050313 -518
20050315 -520
20050317 -522
20050319 -523
20050321 -521
20050323 -522
20050325 -522
20050327 -522
20050329 -522
20050331 -524
20050402 -524
20050404 -525
20050406 -522
20050408 -521
20050410 -525
20050412 -524
20050414 -521
20050416 -521
20050418 -521
20050420 -523
20050422 -523
20050424 -522
20050426 -523
20050428 -525
20050430 -524
20050502 -524
20050504 -524
20050506 -523
20050508 -522
20050510 -524
20050512 -525
20050514 -525
20050516 -525
20050518 -526
20050520 -524
20050522 -523
20050524 -526
20050526 -526
20050528 -527
20050530 -528
20050601 -528
20050603 -524
20050605 -529
20050607 -534
20050609 -531
20050611 -527
20050613 -525
20050615 -531
20050617 -533
20050619 -530
20050621 -529
20050623 -530
20050625 -530
20050627 -532
20050629 -530
20050701 -529
20050703 -529
20050704 -523
20050706 -521
20050708 -511
20050710 -500
20050712 -499
20050714 -509
20050716 -510
20050718 -519
20050720 -509
20050722 -514
20050724 -523
20050726 -514
20050728 -516
20050730 -515
20050801 -507
20050803 -506
20050805 -512
20050807 -511
20050809 -511
20050811 -511
20050813 -511
20050815 -503
20050817 -508
20050819 -514
20050821 -506
20050823 -509
20050825 -522
20050827 -507
20050829 -503
20050831 -514
20050902 -498
20050904 -506
20050906 -518
20050908 -513
20050910 -516
20050912 -504
20050914 -506
20050916 -511
20050918 -498
20050920 -502
20050922 -507
20050924 -508
20050926 -507
20050928 -507
20050930 -508
20051002 -502
20051004 -498
20051006 -503
20051008 -508
20051010 -508
20051012 -511
20051014 -498
20051016 -500
20051018 -508
20051020 -515
20051022 -524
20051024 -516
20051026 -507
20051027 -521
20051029 -519
20051031 -518
20051102 -519
20051104 -520
20051106 -521
20051108 -521
20051110 -523
20051112 -519
20051114 -522
20051116 -517
20051118 -521
20051120 -523
20051122 -524
20051124 -518
20051126 -508
20051128 -511
20051130 -517
20051202 -513
20051204 -514
20051206 -516
20051208 -519
20051210 -524
20051212 -521
20051214 -519
20051216 -514
20051218 -517
20051220 -519
20051222 -518
20051224 -517
20051226 -516
20051228 -516
20051230 -515
20060101 -514
20060103 -520
20060105 -519
20060107 -519
20060109 -519
20060111 -518
20060113 -519
20060115 -518
20060117 -514
20060119 -518
20060121 -519
20060123 -524
20060125 -518
20060127 -519
20060129 -521
20060309 -520
20060311 -524
20060313 -527
20060315 -524
20060317 -524
20060319 -522
20060321 -522
20060323 -522
20060325 -522
20060327 -520
20060329 -523
20060331 -524
20060402 -523
20060404 -525
20060406 -524
20060408 -524
20060410 -526
20060412 -524
20060414 -524
20060416 -524
20060418 -525
20060420 -526
20060422 -526
20060424 -526
20060426 -527
20060428 -527
20060430 -526
20060502 -525
20060504 -528
20060506 -529
20060508 -528
20060510 -528
20060512 -529
20060514 -532
20060516 -531
20060518 -530
20060520 -524
20060522 -526
20060524 -529
20060526 -527
20060528 -527
20060530 -526
20060601 -522
20060603 -524
20060605 -523
20060607 -523
20060609 -523
20060611 -524
20060613 -524
20060615 -524
20060617 -524
20060619 -523
20060621 -522
20060623 -525
20060625 -524
20060627 -526
20060629 -526
20060701 -527
20060703 -526
20060705 -526
20060707 -528
20060709 -527
20060711 -529
20060713 -529
20060715 -532
20060717 -530
20060719 -530
20060721 -531
20060723 -530
20060725 -529
20060727 -528
20060729 -528
20060731 -528
20060802 -526
20060804 -527
20060806 -528
20060808 -528
20060810 -525
20060812 -523
20060814 -519
20060816 -520
20060818 -520
20060820 -522
20060822 -521
20060824 -520
20060826 -518
20060828 -517
20060830 -519
20060901 -519
20060903 -516
20060905 -521
20060907 -519
20060909 -521
20060911 -519
20060913 -518
20060915 -516
20060917 -519
20060919 -520
20060921 -519
20060923 -521
20060925 -520
20060927 -521
20060929 -520
20061001 -520
20061003 -517
20061005 -520
20061007 -518
20061009 -518
20061011 -517
20061013 -521
20061015 -519
20061017 -517
20061019 -514
20061021 -515
20061023 -515
20061025 -517
20061027 -519
20061029 -519
20061031 -515
20061102 -519
20061104 -519
20061106 -518
20061108 -516
20061110 -518
20061112 -514
20061114 -514
20061116 -512
20061118 -516
20061120 -514
20061122 -512
20061124 -513
20061126 -517
20061128 -516
20061130 -520
20061202 -513
20061204 -511
20061206 -512
20061208 -508
20061210 -517
20061212 -516
20061214 -516
20061216 -514
20061218 -517
20061220 -518
20061222 -518
20061224 -518
20061226 -517
20061228 -514
20061230 -512
20070101 -513
20070103 -516
20070105 -516
20070107 -515
20070109 -513
20070111 -511
20070113 -515
20070115 -516
20070117 -512
20070119 -513
20070121 -513
20070123 -514
20070125 -517
20070127 -516
20070129 -515
20070131 -515
20070202 -518
20070204 -518
20070206 -513
20070208 -510
20070210 -514
20070212 -510
20070214 -514
20070216 -518
20070218 -517
20070220 -516
20070222 -516
20070224 -513
20070226 -515
20070228 -512
20070302 -515
20070304 -516
20070306 -514
20070308 -517
20070310 -519
20070312 -517
20070314 -519
20070316 -516
20070318 -510
20070320 -512
20070322 -515
20070324 -516
20070326 -517
20070328 -516
20070330 -516
20070401 -520
20070403 -519
20070405 -519
20070407 -520
20070409 -519
20070411 -521
20070413 -519
20070415 -520
20070417 -521
20070419 -522
20070421 -522
20070423 -523
20070425 -522
20070427 -522
20070429 -523
20070501 -522
20070503 -522
20070505 -522
20070507 -522
20070509 -521
20070511 -519
20070513 -519
20070515 -522
20070517 -521
20070519 -521
20070521 -521
20070523 -522
20070525 -521
20070527 -518
20070529 -520
20070531 -520
20070602 -524
20070604 -524
20070606 -523
20070608 -522
20070610 -522
20070612 -521
20070614 -521
20070616 -520
20070618 -521
20070620 -521
20070622 -519
20070624 -519
20070626 -517
20070628 -518
20070630 -518
20070702 -515
20070704 -514
20070706 -513
20070708 -516
20070710 -515
20070712 -516
20070714 -516
20070716 -516
20070718 -516
20070720 -517
20070722 -515
20070724 -514
20070726 -516
20070728 -516
20070730 -514
20070801 -514
20070803 -515
20070805 -515
20070807 -515
20070809 -515
20070811 -515
20070813 -516
20070815 -513
20070817 -516
20070819 -514
20070821 -515
20070823 -516
20070825 -519
20070827 -518
20070829 -516
20070831 -517
20070902 -517
20070904 -517
20070906 -517
20070908 -516
20070910 -514
20070912 -517
20070914 -516
20070916 -515
20070918 -516
20070920 -515
20070922 -517
20070924 -514
20070926 -514
20070928 -513
20070930 -516
20071002 -516
20071004 -516
20071006 -516
20071008 -515
20071010 -516
20071012 -515
20071014 -515
20071016 -514
20071018 -517
20071020 -520
20071022 -518
20071024 -517
20071026 -517
20071028 -516
20071030 -516
20071101 -519
20071103 -518
20071105 -518
20071107 -517
20071109 -516
20071111 -515
20071113 -516
20071115 -519
20071117 -518
20071119 -514
20071121 -514
20071123 -516
20071125 -517
20071127 -518
20071129 -514
20071201 -513
20071203 -512
20071205 -515
20071207 -511
20071209 -510
20071211 -519
20071213 -522
20071215 -520
20071217 -519
20071219 -519
20071221 -518
20071223 -516
20071225 -514
20071227 -516
20071229 -513
20071231 -518
20080102 -516
20080104 -514
20080106 -516
20080108 -518
20080110 -515
20080112 -514
20080114 -515
20080116 -512
20080118 -517
20080120 -517
20080122 -517
20080124 -517
20080126 -518
20080128 -518
20080130 -516
20080201 -510
20080203 -514
20080205 -513
20080207 -521
20080209 -521
20080211 -520
20080213 -520
20080215 -522
20080217 -521
20080219 -519
20080221 -519
20080223 -521
20080225 -520
20080227 -520
20080229 -520
20080302 -520
20080304 -524
20080306 -525
20080308 -524
20080310 -518
20080312 -522
20080314 -525
20080316 -518
20080318 -521
20080320 -519
20080322 -515
20080324 -516
20080326 -517
20080328 -518
20080330 -517
20080401 -520
20080403 -521
20080405 -516
20080407 -516
20080409 -516
20080411 -516
20080413 -519
20080415 -522
20080417 -518
20080419 -517
20080421 -518
20080423 -522
20080425 -524
20080427 -522
20080429 -517
20080501 -520
20080503 -524
20080505 -525
20080507 -523
20080509 -523
20080511 -524
20080513 -524
20080515 -524
20080517 -522
20080519 -524
20080521 -524
20080523 -524
20080525 -523
20080527 -522
20080529 -521
20080531 -522
20080602 -521
20080604 -521
20080606 -520
20080608 -523
20080610 -523
20080612 -520
20080614 -521
20080616 -520
20080618 -522
20080620 -523
20080622 -522
20080624 -524
20080626 -524
20080628 -524
20080630 -525
20080702 -524
20080704 -526
20080706 -524
20080708 -522
20080710 -521
20080712 -521
20080714 -523
20080716 -523
20080718 -519
20080720 -520
20080722 -521
20080724 -520
20080726 -518
20080728 -518
20080730 -519
20080801 -519
20080803 -518
20080805 -518
20080807 -513
20080809 -516
20080811 -515
20080813 -515
20080815 -517
20080817 -516
20080819 -514
20080821 -517
20080823 -515
20080825 -515
20080827 -517
20080829 -516
20080831 -515
20080902 -515
20080904 -513
20080906 -514
20080908 -515
20080910 -516
20080912 -515
20080914 -517
20080916 -517
20080917 -516
20080919 -515
20080921 -515
20080923 -514
20080925 -516
20080927 -517
20080929 -512
20081001 -508
20081003 -511
20081005 -511
20081007 -513
20081009 -517
20081011 -515
20081013 -514
20081015 -512
20081017 -513
20081019 -514
20081021 -512
20081023 -515
20081025 -516
20081027 -510
20081029 -510
20081031 -512
20081102 -513
20081104 -514
20081106 -512
20081108 -513
20081110 -510
20081112 -511
20081114 -513
20081116 -514
20081118 -510
20081120 -510
20081122 -510
20081124 -508
20081126 -514
20081128 -509
20081130 -506
20081202 -509
20081204 -505
20081206 -510
20081208 -514
20081210 -511
20081212 -510
20081214 -509
20081216 -512
20081218 -512
20081220 -512
20081222 -514
20081224 -513
20081226 -515
20081228 -514
20081230 -513
20090101 -513
20090103 -513
20090105 -511
20090107 -511
20090109 -513
20090111 -512
20090113 -510
20090115 -512
20090117 -511
20090119 -505
20090121 -512
20090123 -502
20090125 -509
20090127 -514
20090129 -515
20090131 -514
20090202 -512
20090204 -510
20090206 -508
20090208 -512
20090210 -507
20090212 -514
20090214 -516
20090216 -513
20090218 -514
20090220 -513
20090222 -511
20090224 -513
20090226 -511
20090228 -511
20090302 -511
20090304 -507
20090306 -511
20090308 -511
20090310 -510
20090312 -514
20090314 -512
20090316 -517
20090318 -517
20090320 -517
20090322 -515
20090324 -512
20090326 -511
20090328 -509
20090330 -515
20090401 -515
20090403 -514
20090405 -515
