529
2
date -9999
head -9999
19641128 -377
19650129 -339
19650218 -387
19650304 -396
19650316 -406
19650416 -388
19650529 -355
19650617 -375
19650701 -397
19650816 -371
19650829 -385
19651016 -369
19651030 -377
19651116 -393
19660329 -347
19660514 -376
19660528 -393
19660615 -398
19660629 -371
19660816 -377
19660830 -386
19660915 -409
19660929 -403
19661015 -417
19661029 -418
19670416 -351
19670429 -365
19670518 -372
19670530 -383
19670615 -394
19670630 -395
19670716 -401
19670730 -404
19671016 -356
19680314 -353
19680328 -361
19680414 -367
19680515 -374
19680530 -378
19680715 -390
19680730 -393
19680814 -348
19680828 -415
19680914 -367
19680928 -357
19681014 -358
19681029 -342
19681115 -328
19681120 -343
19681129 -367
19681214 -381
19681227 -336
19690101 -336
19690115 -336
19690129 -364
19690214 -363
19690228 -390
19690314 -344
19690330 -381
19690415 -381
19690429 -391
19690516 -399
19690529 -402
19690614 -404
19690628 -366
19690714 -410
19690728 -414
19690814 -416
19690828 -412
19690915 -417
19691014 -384
19691028 -386
19691114 -422
19700114 -370
19700227 -322
19700313 -332
19700326 -342
19700414 -351
19700428 -371
19700514 -380
19700528 -386
19700615 -415
19700629 -406
19700714 -408
19700728 -411
19700814 -413
19700828 -418
19700914 -421
19700928 -422
19701014 -420
19701028 -409
19710114 -196
19710128 -200
19710215 -207
19710301 -256
19710315 -236
19710329 -271
19710414 -304
19710428 -320
19710514 -328
19710614 -346
19710628 -366
19710714 -339
19710728 -312
19710914 -212
19710928 -245
19711014 -264
19711028 -276
19711115 -272
19711129 -272
19711214 -309
19711228 -330
19720114 -339
19720128 -347
19720214 -346
19720228 -321
19720314 -324
19720529 -272
19720614 -294
19720626 -333
19720714 -359
19720728 -352
19720814 -342
19720828 -334
19720914 -341
19720928 -365
19721013 -342
19721114 -332
19721128 -332
19721214 -317
19721228 -312
19730115 -312
19730129 -309
19730214 -318
19730228 -319
19730314 -319
19730328 -319
19730413 -321
19730427 -322
19730514 -328
19730528 -312
19730614 -332
19730628 -335
19731214 -343
19731228 -343
19740114 -340
19740128 -345
19740214 -341
19740228 -339
19740314 -344
19740328 -347
19740416 -350
19740429 -350
19740514 -347
19740528 -346
19740614 -346
19740628 -348
19740714 -350
19740728 -350
19740814 -350
19740828 -347
19740913 -352
19740927 -354
19741014 -356
19741028 -351
19741114 -344
19750114 -210
19750128 -239
19750214 -252
19750228 -264
19750314 -266
19750328 -262
19750414 -264
19750428 -286
19750514 -309
19750528 -330
19750613 -314
19750627 -264
19750714 -275
19750728 -284
19750814 -291
19750828 -299
19750915 -321
19750929 -320
19751014 -314
19751028 -331
19751114 -332
19751128 -332
19751215 -336
19751229 -341
19760114 -343
19760128 -348
19760213 -334
19760227 -344
19760314 -344
19760328 -340
19760414 -346
19760428 -345
19760514 -365
19760528 -351
19760614 -350
19760628 -353
19760714 -353
19760728 -354
19760813 -356
19760827 -357
19760914 -359
19760928 -367
19761014 -358
19761028 -357
19761114 -355
19761128 -355
19761214 -354
19761228 -356
19770114 -358
19770128 -356
19770214 -354
19770228 -352
19770314 -352
19770328 -354
19770414 -358
19770513 -358
19770528 -357
19770614 -365
19770628 -366
19770714 -354
19770728 -355
19770815 -356
19770829 -354
19770914 -356
19770928 -357
19771014 -360
19771028 -360
19771114 -360
19771128 -360
19771214 -358
19771228 -357
19780113 -357
19780127 -356
19780601 -355
19780614 -355
19780714 -356
19780728 -357
19780814 -364
19780828 -355
19780914 -349
19780929 -354
19781017 -351
19781030 -352
19781114 -354
19781130 -353
19781214 -353
19781227 -360
19790115 -352
19790201 -351
19790213 -354
19790302 -352
19790314 -352
19790328 -335
19790417 -281
19790427 -284
19790515 -282
19790528 -292
19790615 -293
19790628 -296
19790716 -310
19790730 -315
19790820 -321
19790828 -322
19790914 -328
19790928 -335
19791015 -333
19791029 -334
19791114 -335
19791128 -336
19791213 -340
19800102 -280
19800115 -295
19800129 -311
19800215 -321
19800228 -328
19800314 -333
19800328 -335
19800414 -336
19800429 -336
19800516 -343
19800528 -346
19800616 -349
19800714 -322
19800728 -297
19800815 -295
19800828 -307
19800915 -314
19800929 -319
19801015 -326
19801027 -330
19801114 -327
19801127 -331
19801215 -336
19801229 -339
19810114 -337
19810128 -331
19810213 -337
19810302 -339
19810313 -332
19810330 -305
19810414 -342
19810428 -343
19810514 -354
19810527 -347
19810615 -343
19810629 -345
19810713 -314
19810728 -322
19810814 -325
19810831 -330
19810915 -335
19810928 -331
19811014 -300
19811029 -280
19811116 -297
19811130 -309
19811215 -309
19811229 -314
19820201 -326
19820215 -326
19820301 -324
19820315 -325
19820329 -324
19820414 -322
19820429 -330
19820514 -332
19820528 -337
19820615 -339
19820629 -344
19820714 -337
19820728 -346
19820816 -349
19820830 -354
19820914 -298
19820928 -286
19821014 -284
19821028 -290
19821115 -292
19821129 -295
19821229 -296
19830128 -297
19830228 -310
19830328 -311
19830502 -314
19830527 -316
19830627 -328
19830728 -331
19830829 -334
19830928 -322
19831026 -332
19831128 -338
19831229 -324
19840130 -339
19840229 -314
19840328 -322
19840428 -328
19840529 -336
19840702 -314
19840730 -336
19840827 -334
19840927 -337
19841029 -337
19841128 -331
19841231 -343
19850128 -319
19850228 -328
19850328 -338
19850429 -340
19850528 -332
19850628 -327
19850730 -317
19850828 -314
19850930 -320
19851028 -320
19860630 -274
19860901 -305
19860929 -314
19861103 -320
19861201 -317
19861229 -318
19870226 -359
19870330 -364
19870429 -352
19870601 -350
19870629 -357
19870727 -359
19870827 -364
19870928 -364
19871026 -369
19871130 -362
19871228 -352
19880116 -353
19880229 -355
19880328 -358
19880428 -362
19880531 -364
19880628 -364
19880801 -349
19880825 -364
19881003 -367
19881031 -364
19881128 -359
19881228 -360
19890127 -364
19890228 -363
19890328 -357
19890501 -364
19890529 -374
19890627 -370
19890728 -370
19890928 -382
19891031 -368
19891128 -374
19891228 -367
19900130 -365
19900330 -439
19900606 -364
19900731 -367
19900829 -368
19901029 -364
19901129 -364
19901231 -363
19910128 -360
19910228 -366
19910328 -365
19910501 -367
19910528 -367
19910627 -363
19910827 -404
19911001 -365
19911030 -368
19911128 -360
19911231 -364
19920129 -363
19920227 -374
19920331 -360
19920601 -364
19921126 -365
19921229 -360
19930201 -360
19930301 -359
19930329 -358
19930427 -365
19930627 -368
19931129 -365
19940131 -358
19940228 -358
19940329 -358
19940428 -360
19940527 -363
19940627 -363
19940728 -361
19940829 -365
19940930 -361
19941019 -353
19941028 -358
19941128 -359
19941228 -348
19950128 -348
19950228 -352
19950329 -359
19950428 -356
19950529 -357
19950628 -361
19950731 -363
19950828 -367
19950928 -365
19951030 -366
19951127 -366
19960129 -364
19960303 -362
19960328 -364
19960501 -366
19960528 -368
19960628 -370
19960729 -367
19960928 -367
19961028 -362
19961128 -362
19961228 -362
19970128 -367
19970228 -362
19970314 -362
19970428 -361
19970526 -331
19970628 -364
19970728 -362
19970828 -362
19970929 -368
19971028 -366
19971128 -363
19971230 -361
19980130 -358
19980228 -359
19980328 -357
19980428 -357
19980528 -361
19980701 -358
19980728 -362
19980827 -362
19980928 -357
19981027 -357
19981130 -357
19981229 -353
19990129 -358
19990227 -353
19990402 -354
19990429 -355
19990507 -356
19990531 -360
19990628 -357
19990827 -359
19990928 -360
19991028 -361
19991129 -358
19991227 -351
20000128 -356
20000227 -353
20000328 -353
20000428 -355
20000527 -357
20000628 -360
20000728 -351
