1437
2
date -9999
head -9999
19981112 -511
19981129 -512
19981215 -516
19981229 -514
19990114 -513
19990128 -511
19990215 -515
19990301 -516
19990315 -514
19990329 -514
19990414 -515
19990428 -512
19990514 -519
19990528 -520
19990615 -518
19990629 -515
19990715 -516
19990729 -518
19990814 -512
19990828 -517
19990915 -517
19990929 -514
19991015 -515
19991029 -518
19991114 -514
19991128 -518
19991214 -514
19991228 -514
20000115 -523
20000129 -512
20000214 -520
20000228 -515
20000315 -520
20000329 -519
20000414 -519
20000428 -518
20000514 -523
20000528 -512
20000615 -518
20000629 -517
20000715 -513
20000729 -516
20000814 -518
20000821 -519
20000823 -521
20000825 -521
20000827 -519
20000829 -519
20000831 -518
20000902 -517
20000904 -521
20000906 -516
20000908 -520
20000910 -521
20000912 -518
20000914 -520
20000916 -517
20000918 -518
20000920 -519
20000922 -521
20000924 -520
20000926 -520
20000928 -515
20000930 -517
20001002 -517
20001004 -520
20001006 -519
20001008 -515
20001010 -510
20001012 -515
20001014 -520
20001016 -516
20001018 -519
20001020 -517
20001022 -520
20001024 -518
20001026 -517
20001028 -517
20001030 -509
20001101 -514
20001103 -514
20001105 -517
20001107 -510
20001109 -514
20001111 -508
20001113 -504
20001115 -512
20001117 -513
20001119 -510
20001120 -511
20001122 -513
20001124 -514
20001126 -513
20001128 -515
20001130 -516
20001202 -516
20001204 -514
20001206 -515
20001208 -514
20001210 -514
20001212 -515
20001214 -512
20001216 -514
20001218 -516
20001220 -515
20001222 -514
20001224 -511
20001226 -510
20001228 -510
20001230 -512
20010101 -509
20010103 -513
20010105 -508
20010107 -515
20010109 -516
20010111 -518
20010113 -520
20010115 -517
20010117 -515
20010119 -516
20010121 -516
20010123 -512
20010125 -514
20010127 -512
20010129 -519
20010131 -519
20010202 -516
20010204 -510
20010206 -508
20010208 -509
20010210 -518
20010212 -514
20010214 -518
20010216 -516
20010218 -520
20010220 -517
20010221 -515
20010223 -511
20010225 -513
20010227 -510
20010301 -511
20010303 -514
20010305 -519
20010307 -514
20010309 -513
20010311 -516
20010313 -512
20010315 -516
20010317 -514
20010319 -518
20010321 -513
20010323 -510
20010325 -513
20010327 -515
20010329 -512
20010331 -518
20010402 -514
20010404 -512
20010406 -513
20010408 -516
20010410 -513
20010412 -518
20010414 -517
20010416 -515
20010418 -512
20010420 -513
20010422 -513
20010424 -514
20010426 -515
20010428 -513
20010430 -514
20010502 -515
20010504 -515
20010506 -518
20010508 -519
20010510 -516
20010512 -518
20010514 -515
20010516 -514
20010518 -518
20010520 -519
20010522 -518
20010524 -518
20010526 -518
20010528 -518
20010530 -518
20010601 -519
20010603 -517
20010605 -517
20010607 -517
20010609 -520
20010611 -521
20010613 -519
20010615 -518
20010617 -518
20010619 -521
20010621 -518
20010623 -521
20010625 -521
20010627 -520
20010629 -522
20010701 -525
20010703 -520
20010705 -520
20010707 -518
20010709 -520
20010711 -519
20010713 -518
20010715 -519
20010717 -516
20010719 -516
20010721 -520
20010723 -519
20010725 -519
20010727 -520
20010729 -520
20010731 -521
20010802 -517
20010804 -520
20010806 -517
20010808 -514
20010810 -518
20010812 -516
20010814 -516
20010816 -517
20010818 -515
20010820 -518
20010822 -519
20010824 -518
20010826 -518
20010828 -518
20010830 -517
20010831 -516
20010902 -517
20010904 -514
20010906 -515
20010908 -514
20010910 -513
20010912 -514
20010914 -514
20010916 -512
20010918 -510
20010920 -504
20010922 -502
20010924 -507
20010926 -511
20010928 -510
20010930 -511
20011002 -510
20011004 -513
20011006 -511
20011008 -513
20011010 -518
20011012 -517
20011014 -515
20011016 -519
20011018 -515
20011020 -513
20011022 -516
20011024 -517
20011026 -515
20011028 -518
20011030 -515
20011101 -521
20011103 -518
20011105 -518
20011107 -513
20011109 -518
20011111 -517
20011113 -517
20011115 -521
20011117 -519
20011119 -518
20011121 -517
20011123 -518
20011125 -515
20011127 -513
20011129 -514
20011201 -514
20011203 -514
20011205 -511
20011207 -520
20011209 -519
20011211 -517
20011213 -517
20011215 -517
20011217 -517
20011219 -514
20011221 -508
20011223 -515
20011225 -509
20011227 -510
20011229 -510
20011231 -519
20020102 -518
20020104 -517
20020106 -517
20020108 -517
20020110 -517
20020112 -517
20020114 -515
20020116 -516
20020118 -515
20020120 -513
20020122 -514
20020124 -513
20020126 -512
20020128 -514
20020130 -514
20020201 -516
20020203 -514
20020205 -511
20020207 -517
20020209 -512
20020211 -512
20020213 -516
20020215 -518
20020217 -515
20020219 -515
20020221 -517
20020223 -511
20020225 -511
20020227 -510
20020301 -515
20020303 -516
20020305 -514
20020307 -517
20020309 -514
20020311 -514
20020313 -516
20020315 -515
20020317 -514
20020319 -514
20020321 -517
20020323 -520
20020325 -518
20020327 -519
20020329 -516
20020331 -516
20020402 -516
20020404 -516
20020406 -519
20020408 -520
20020410 -518
20020412 -517
20020414 -517
20020416 -519
20020418 -518
20020420 -522
20020422 -522
20020424 -519
20020426 -513
20020428 -513
20020430 -517
20020502 -518
20020504 -520
20020506 -522
20020508 -518
20020510 -518
20020512 -520
20020514 -521
20020516 -522
20020518 -521
20020520 -521
20020522 -518
20020524 -520
20020526 -519
20020528 -521
20020530 -524
20020601 -524
20020603 -520
20020605 -518
20020607 -520
20020609 -521
20020610 -521
20020612 -520
20020614 -521
20020616 -521
20020618 -521
20020620 -520
20020622 -521
20020624 -523
20020626 -521
20020628 -522
20020630 -520
20020702 -519
20020704 -522
20020706 -521
20020708 -520
20020710 -521
20020712 -522
20020714 -523
20020716 -521
20020718 -523
20020720 -521
20020722 -522
20020724 -522
20020726 -521
20020728 -523
20020730 -521
20020801 -522
20020803 -523
20020805 -522
20020807 -522
20020809 -518
20020811 -520
20020813 -523
20020815 -523
20020817 -523
20020819 -522
20020821 -520
20020823 -520
20020825 -517
20020827 -515
20020829 -518
20020831 -520
20020902 -521
20020904 -517
20020906 -518
20020908 -517
20020910 -520
20020912 -520
20020914 -520
20020916 -519
20020918 -520
20020920 -522
20020922 -519
20020924 -521
20020926 -520
20020928 -522
20020930 -521
20021002 -520
20021004 -521
20021006 -520
20021008 -519
20021010 -519
20021012 -518
20021014 -516
20021016 -516
20021018 -519
20021020 -520
20021022 -513
20021024 -521
20021026 -521
20021028 -524
20021030 -518
20021101 -517
20021103 -515
20021105 -521
20021107 -517
20021109 -515
20021111 -517
20021113 -513
20021115 -516
20021117 -520
20021119 -518
20021121 -515
20021123 -517
20021125 -517
20021127 -520
20021129 -520
20021201 -517
20021203 -520
20021205 -524
20021207 -524
20021209 -523
20021211 -521
20021213 -521
20021215 -518
20021217 -522
20021219 -522
20021221 -520
20021223 -516
20021225 -518
20021227 -514
20021229 -516
20021231 -520
20030102 -509
20030104 -518
20030106 -520
20030108 -519
20030110 -520
20030112 -522
20030114 -520
20030116 -520
20030118 -519
20030120 -514
20030122 -515
20030123 -517
20030125 -529
20030127 -516
20030129 -519
20030131 -510
20030202 -519
20030204 -524
20030206 -519
20030208 -522
20030210 -525
20030212 -523
20030214 -527
20030216 -526
20030218 -523
20030220 -525
20030222 -525
20030224 -522
20030226 -527
20030228 -522
20030302 -529
20030304 -524
20030306 -522
20030308 -525
20030310 -520
20030312 -523
20030314 -533
20030316 -527
20030318 -527
20030320 -527
20030322 -528
20030324 -527
20030326 -527
20030328 -530
20030330 -529
20030401 -539
20030403 -523
20030405 -528
20030407 -527
20030409 -526
20030411 -526
20030413 -525
20030415 -528
20030417 -527
20030419 -529
20030421 -529
20030424 -521
20030426 -518
20030428 -516
20030430 -519
20030502 -518
20030504 -520
20030506 -523
20030508 -521
20030510 -522
20030512 -519
20030514 -520
20030516 -519
20030518 -519
20030520 -519
20030522 -519
20030524 -517
20030526 -520
20030528 -524
20030530 -523
20030601 -523
20030603 -525
20030605 -527
20030607 -526
20030609 -527
20030611 -528
20030613 -529
20030615 -528
20030617 -526
20030619 -528
20030621 -528
20030623 -527
20030625 -529
20030627 -528
20030629 -527
20030701 -524
20030703 -527
20030705 -529
20030707 -528
20030709 -528
20030711 -527
20030713 -528
20030715 -526
20030717 -529
20030719 -529
20030721 -530
20030723 -530
20030725 -528
20030727 -529
20030729 -531
20030731 -530
20030802 -531
20030804 -532
20030806 -531
20030808 -530
20030810 -529
20030812 -529
20030814 -529
20030816 -529
20030818 -528
20030820 -529
20030822 -528
20030824 -529
20030826 -528
20030828 -526
20030830 -529
20030901 -529
20030903 -531
20030905 -527
20030907 -527
20030909 -525
20030911 -526
20030913 -529
20030915 -527
20030917 -526
20030919 -526
20030921 -526
20030923 -526
20030925 -526
20030927 -525
20030929 -525
20031001 -524
20031003 -523
20031005 -525
20031007 -521
20031009 -524
20031011 -525
20031013 -525
20031015 -527
20031017 -525
20031019 -522
20031021 -523
20031023 -525
20031025 -523
20031027 -524
20031029 -518
20031031 -516
20031102 -521
20031104 -529
20031106 -528
20031108 -523
20031110 -525
20031112 -523
20031113 -528
20031115 -525
20031117 -526
20031119 -526
20031121 -524
20031123 -523
20031125 -524
20031127 -523
20031129 -524
20031201 -524
20031203 -529
20031205 -529
20031207 -529
20031209 -525
20031211 -524
20031213 -522
20031215 -526
20031217 -526
20031219 -523
20031221 -522
20031223 -525
20031225 -524
20031227 -519
20031229 -522
20031231 -526
20040102 -525
20040104 -522
20040106 -521
20040108 -519
20040110 -523
20040112 -517
20040114 -519
20040116 -518
20040118 -527
20040120 -522
20040122 -521
20040124 -521
20040126 -520
20040128 -518
20040130 -522
20040201 -522
20040203 -523
20040205 -522
20040207 -521
20040209 -525
20040211 -523
20040213 -522
20040215 -521
20040217 -521
20040219 -522
20040221 -517
20040223 -520
20040225 -516
20040227 -516
20040229 -523
20040302 -524
20040304 -520
20040306 -520
20040308 -524
20040310 -522
20040312 -519
20040314 -522
20040316 -524
20040318 -521
20040320 -516
20040322 -520
20040324 -522
20040326 -522
20040328 -522
20040330 -521
20040401 -522
20040403 -524
20040405 -521
20040407 -522
20040409 -524
20040411 -525
20040413 -525
20040415 -523
20040417 -521
20040419 -522
20040421 -526
20040423 -528
20040425 -528
20040427 -525
20040429 -523
20040501 -524
20040503 -523
20040505 -521
20040507 -524
20040509 -526
20040511 -529
20040513 -529
20040515 -529
20040517 -528
20040519 -528
20040521 -528
20040523 -530
20040525 -527
20040527 -529
20040529 -527
20040531 -526
20040602 -527
20040604 -525
20040606 -527
20040608 -527
20040610 -527
20040612 -528
20040614 -529
20040616 -528
20040618 -525
20040620 -526
20040622 -528
20040624 -524
20040626 -527
20040628 -529
20040630 -524
20040702 -524
20040704 -526
20040706 -527
20040708 -523
20040710 -525
20040712 -524
20040714 -524
20040716 -524
20040718 -523
20040720 -523
20040722 -524
20040724 -525
20040726 -524
20040728 -525
20040730 -525
20040801 -526
20040803 -525
20040805 -526
20040807 -527
20040809 -527
20040811 -527
20040813 -523
20040815 -526
20040817 -522
20040819 -523
20040821 -525
20040823 -523
20040825 -519
20040827 -520
20040829 -521
20040831 -523
20040902 -523
20040904 -525
20040906 -525
20040908 -526
20040909 -524
20040911 -522
20040913 -521
20040915 -525
20040917 -523
20040919 -523
20040921 -523
20040923 -520
20040925 -523
20040927 -523
20040929 -522
20041001 -521
20041003 -522
20041005 -521
20041007 -522
20041009 -522
20041011 -523
20041013 -521
20041015 -518
20041017 -521
20041019 -521
20041021 -523
20041023 -521
20041025 -522
20041027 -520
20041029 -521
20041031 -525
20041102 -524
20041104 -523
20041106 -523
20041108 -523
20041110 -521
20041112 -522
20041114 -525
20041116 -523
20041118 -520
20041120 -520
20041122 -518
20041124 -523
20041126 -520
20041128 -518
20041130 -520
20041202 -520
20041203 -521
20041205 -521
20041207 -521
20041209 -520
20041211 -522
20041213 -521
20041215 -519
20041217 -513
20041219 -520
20041221 -521
20041223 -518
20041225 -516
20041227 -521
20041229 -522
20041231 -520
20050102 -521
20050104 -520
20050106 -521
20050108 -518
20050110 -519
20050112 -520
20050114 -523
20050116 -519
20050118 -514
20050120 -515
20050122 -520
20050124 -520
20050126 -521
20050128 -517
20050130 -521
20050201 -521
20050203 -522
20050205 -518
20050207 -520
20050209 -520
20050211 -518
20050213 -512
20050215 -519
20050217 -520
20050219 -516
20050221 -517
20050223 -517
20050225 -519
20050227 -521
20050301 -515
20050303 -519
20050305 -518
20050307 -520
20050309 -521
20050311 -515
20050313 -519
20050315 -521
20050317 -523
20050319 -523
20050321 -520
20050323 -522
20050325 -522
20050327 -522
20050329 -521
20050331 -525
20050402 -523
20050404 -524
20050406 -520
20050408 -522
20050410 -526
20050412 -523
20050414 -520
20050416 -521
20050418 -521
20050420 -524
20050422 -523
20050424 -522
20050426 -524
20050428 -525
20050430 -523
20050502 -524
20050504 -524
20050506 -523
20050508 -522
20050510 -525
20050512 -525
20050514 -524
20050516 -525
20050518 -526
20050520 -523
20050522 -524
20050524 -526
20050526 -526
20050528 -528
20050530 -528
20050601 -527
20050603 -524
20050605 -529
20050607 -534
20050609 -531
20050611 -526
20050613 -525
20050615 -531
20050617 -534
20050619 -529
20050621 -529
20050623 -529
20050625 -530
20050627 -531
20050629 -529
20050701 -528
20050703 -528
20050704 -523
20050706 -521
20050708 -512
20050710 -501
20050712 -500
20050714 -510
20050716 -511
20050718 -520
20050720 -510
20050722 -515
20050724 -524
20050726 -515
20050728 -518
20050730 -516
20050801 -508
20050803 -507
20050805 -513
20050807 -512
20050809 -513
20050811 -512
20050813 -513
20050815 -504
20050817 -509
20050819 -516
20050821 -508
20050823 -511
20050825 -525
20050827 -510
20050829 -505
20050831 -515
20050902 -501
20050904 -507
20050906 -519
20050908 -515
20050910 -519
20050912 -508
20050914 -508
20050916 -513
20050918 -501
20050920 -503
20050922 -509
20050924 -511
20050926 -511
20050928 -509
20050930 -510
20051002 -505
20051004 -500
20051006 -505
20051008 -510
20051010 -510
20051012 -514
20051014 -501
20051016 -504
20051018 -511
20051020 -518
20051022 -527
20051024 -518
20051026 -511
20051027 -523
20051029 -522
20051031 -521
20051102 -521
20051104 -523
20051106 -524
20051108 -523
20051110 -526
20051112 -521
20051114 -525
20051116 -519
20051118 -524
20051120 -525
20051122 -526
20051124 -519
20051126 -510
20051128 -513
20051130 -520
20051202 -515
20051204 -517
20051206 -520
20051208 -522
20051210 -527
20051212 -523
20051214 -522
20051216 -515
20051218 -520
20051220 -522
20051222 -521
20051224 -520
20051226 -518
20051228 -519
20051230 -518
20060101 -517
20060103 -524
20060105 -521
20060107 -522
20060109 -522
20060111 -521
20060113 -522
20060115 -521
20060117 -515
20060119 -522
20060121 -522
20060123 -526
20060125 -520
20060127 -522
20060129 -525
20060309 -524
20060311 -530
20060313 -531
20060315 -529
20060317 -529
20060319 -527
20060321 -526
20060323 -527
20060325 -527
20060327 -525
20060329 -529
20060331 -529
20060402 -528
20060404 -531
20060406 -529
20060408 -528
20060410 -531
20060412 -529
20060414 -530
20060416 -529
20060418 -530
20060420 -530
20060422 -531
20060424 -531
20060426 -532
20060428 -532
20060430 -530
20060502 -531
20060504 -533
20060506 -534
20060508 -533
20060510 -534
20060512 -534
20060514 -537
20060516 -536
20060518 -534
20060520 -529
20060522 -530
20060524 -534
20060526 -531
20060528 -533
20060530 -531
20060601 -527
20060603 -528
20060605 -527
20060607 -527
20060609 -527
20060611 -528
20060613 -529
20060615 -528
20060617 -528
20060619 -527
20060621 -526
20060623 -530
20060625 -528
20060627 -530
20060629 -531
20060701 -531
20060703 -530
20060705 -531
20060707 -532
20060709 -531
20060711 -533
20060713 -534
20060715 -535
20060717 -534
20060719 -533
20060721 -534
20060723 -533
20060725 -531
20060727 -531
20060729 -530
20060731 -532
20060802 -530
20060804 -531
20060806 -532
20060808 -532
20060810 -528
20060812 -527
20060814 -524
20060816 -526
20060818 -526
20060820 -527
20060822 -526
20060824 -524
20060826 -524
20060828 -521
20060830 -525
20060901 -524
20060903 -523
20060905 -526
20060907 -525
20060909 -526
20060911 -525
20060913 -523
20060915 -521
20060917 -524
20060919 -524
20060921 -524
20060923 -525
20060925 -524
20060927 -526
20060929 -524
20061001 -525
20061003 -522
20061005 -524
20061007 -524
20061009 -523
20061011 -522
20061013 -526
20061015 -525
20061017 -521
20061019 -519
20061021 -521
20061023 -521
20061025 -523
20061027 -526
20061029 -525
20061031 -520
20061102 -526
20061104 -524
20061106 -523
20061108 -521
20061110 -524
20061112 -520
20061114 -519
20061116 -517
20061118 -522
20061120 -519
20061122 -518
20061124 -519
20061126 -523
20061128 -521
20061130 -525
20061202 -519
20061204 -517
20061206 -519
20061208 -514
20061210 -525
20061212 -522
20061214 -522
20061216 -520
20061218 -517
20061220 -518
20061222 -518
20061224 -517
20061226 -516
20061228 -513
20061230 -511
20070101 -513
20070103 -515
20070105 -515
20070107 -514
20070109 -513
20070111 -511
20070113 -515
20070115 -516
20070117 -511
20070119 -514
20070121 -513
20070123 -514
20070125 -517
20070127 -517
20070129 -515
20070131 -514
20070202 -517
20070204 -517
20070206 -511
20070208 -507
20070210 -513
20070212 -510
20070214 -513
20070216 -516
20070218 -516
20070220 -515
20070222 -515
20070224 -511
20070226 -516
20070228 -511
20070302 -516
20070304 -516
20070306 -512
20070308 -517
20070310 -519
20070312 -516
20070314 -519
20070316 -515
20070318 -508
20070320 -513
20070322 -520
20070324 -520
20070326 -522
20070328 -521
20070330 -521
20070401 -525
20070403 -523
20070405 -523
20070407 -525
20070409 -524
20070411 -526
20070413 -524
20070415 -526
20070417 -527
20070419 -526
20070421 -527
20070423 -527
20070425 -525
20070427 -527
20070429 -527
20070501 -526
20070503 -526
20070505 -527
20070507 -525
20070509 -526
20070511 -524
20070513 -523
20070515 -526
20070517 -526
20070519 -525
20070521 -527
20070523 -527
20070525 -525
20070527 -522
20070529 -525
20070531 -526
20070602 -528
20070604 -529
20070606 -527
20070608 -527
20070610 -527
20070612 -526
20070614 -525
20070616 -525
20070618 -526
20070620 -526
20070622 -524
20070624 -525
20070626 -523
20070628 -524
20070630 -524
20070702 -521
20070704 -519
20070706 -518
20070708 -521
20070710 -520
20070712 -521
20070714 -522
20070716 -521
20070718 -522
20070720 -522
20070722 -521
20070724 -520
20070726 -521
20070728 -522
20070730 -519
20070801 -519
20070803 -521
20070805 -519
20070807 -521
20070809 -521
20070811 -521
20070813 -521
20070815 -518
20070817 -523
20070819 -520
20070821 -520
20070823 -522
20070825 -524
20070827 -523
20070829 -522
20070831 -522
20070902 -522
20070904 -523
20070906 -523
20070908 -521
20070910 -519
20070912 -523
20070914 -520
20070916 -519
20070918 -522
20070920 -520
20070922 -522
20070924 -519
20070926 -520
20070928 -519
20070930 -522
20071002 -522
20071004 -521
20071006 -522
20071008 -521
20071010 -521
20071012 -521
20071014 -521
20071016 -520
20071018 -525
20071020 -525
20071022 -523
20071024 -523
20071026 -522
20071028 -521
20071030 -522
20071101 -525
20071103 -523
20071105 -523
20071107 -521
20071109 -522
20071111 -521
20071113 -520
20071115 -524
20071117 -523
20071119 -519
20071121 -519
20071123 -523
20071125 -522
20071127 -524
20071129 -519
20071201 -519
20071203 -519
20071205 -520
20071207 -516
20071209 -516
20071211 -527
20071213 -528
20071215 -525
20071217 -525
20071219 -526
20071221 -523
20071223 -522
20071225 -519
20071227 -523
20071229 -519
20071231 -524
20080102 -522
20080104 -520
20080106 -523
20080108 -523
20080110 -521
20080112 -522
20080114 -520
20080116 -519
20080118 -524
20080120 -523
20080122 -524
20080124 -523
20080126 -524
20080128 -524
20080130 -522
20080201 -516
20080203 -520
20080205 -519
20080207 -527
20080209 -525
20080211 -525
20080213 -525
20080215 -527
20080217 -526
20080219 -523
20080221 -524
20080223 -528
20080225 -526
20080227 -526
20080229 -525
20080302 -526
20080304 -533
20080306 -533
20080308 -531
20080310 -523
20080312 -531
20080314 -532
20080316 -523
20080318 -526
20080320 -523
20080322 -520
20080324 -521
20080326 -523
20080328 -523
20080330 -522
20080401 -524
20080403 -527
20080405 -520
20080407 -521
20080409 -520
20080411 -522
20080413 -525
20080415 -527
20080417 -522
20080419 -523
20080421 -525
20080423 -528
20080425 -529
20080427 -525
20080429 -521
20080501 -526
20080503 -529
20080505 -530
