52
2
date -9999
head -9999
19990215 -364
19990315 -366
19990406 -368
19990414 -366
19990428 -373
19990517 -376
19990527 -378
19990613 -378
19990628 -378
19990828 -328
19991028 -379
19991115 -378
20001026 -380
20001117 -368
20001129 -366
20001218 -365
20010102 -363
20010115 -368
20010219 -368
20010302 -367
20010409 -370
20010417 -371
20010427 -371
20010518 -373
20010601 -378
20010614 -380
20010718 -380
20010730 -388
20010816 -378
20010828 -380
20010928 -358
20011101 -374
20011114 -376
20011130 -369
20020128 -365
20020218 -365
20020228 -358
20020328 -371
20020418 -374
20020501 -376
20020530 -380
20020611 -382
20020717 -384
20020801 -383
20020814 -386
20020927 -378
20021114 -365
20021202 -370
20030115 -366
20030319 -379
20030401 -380
20030804 -394
