430
2
date -9999
head -9999
19840413 -239
19840427 -242
19840514 -241
19840528 -240
19840614 -241
19840628 -242
19840713 -243
19840727 -244
19840814 -244
19840828 -250
19840914 -242
19841002 -235
19841015 -237
19841029 -235
19841114 -239
19841128 -234
19841214 -239
19850228 -243
19850314 -243
19850328 -243
19850415 -237
19850429 -240
19850514 -241
19850528 -244
19850613 -243
19850627 -240
19850715 -245
19850730 -241
19850814 -241
19850913 -241
19850927 -243
19851014 -245
19851028 -247
19851213 -240
19860114 -230
19860128 -227
19860314 -244
19860414 -240
19860514 -240
19860529 -243
19860627 -249
19860714 -255
19860728 -251
19860828 -246
19860915 -250
19861114 -241
19861201 -237
19861215 -236
19870128 -232
19870216 -239
19870316 -239
19870327 -234
19870414 -241
19870428 -242
19870514 -241
19870527 -241
19870615 -239
19870629 -241
19870714 -244
19870728 -238
19870814 -234
19870828 -240
19870914 -244
19870928 -238
19871014 -235
19871028 -248
19871113 -236
19871127 -232
19871228 -237
19880114 -230
19880229 -231
19880414 -235
19880428 -239
19880513 -243
19880527 -246
19880614 -247
19880628 -248
19880714 -243
19880728 -243
19880815 -247
19881114 -237
19881128 -239
19881214 -235
19881228 -237
19890113 -240
19890214 -246
19890228 -241
19890314 -240
19890328 -231
19890414 -231
19890428 -233
19890516 -235
19890529 -244
19890614 -244
19890628 -241
19890714 -240
19890728 -244
19890814 -246
19890828 -244
19890914 -242
19890928 -246
19891013 -243
19891027 -243
19891114 -244
19891128 -242
19891214 -238
19891228 -234
19900115 -241
19900129 -231
19900215 -225
19900228 -229
19900314 -231
19900328 -236
19900413 -238
19900427 -239
19900515 -239
19900528 -245
19900614 -244
19900628 -246
19900713 -244
19900727 -247
19900914 -243
19900928 -238
19901015 -240
19901029 -238
19901128 -230
19901214 -232
19901228 -223
19910128 -239
19910214 -241
19910228 -243
19910314 -241
19910328 -244
19910415 -248
19910426 -247
19910514 -250
19910528 -251
19910614 -249
19910628 -239
19910715 -239
19910729 -242
19910814 -247
19910828 -250
19910913 -250
19910927 -247
19911014 -245
19911028 -246
19911114 -231
19911128 -235
19911213 -240
19911230 -242
19920114 -238
19920128 -240
19920214 -239
19920228 -243
19920313 -240
19920327 -237
19920414 -244
19920428 -245
19920514 -249
19920527 -246
19920615 -247
19920629 -255
19920714 -247
19920728 -253
19920814 -245
19920828 -242
19920914 -239
19920928 -244
19921014 -247
19921028 -233
19921127 -228
19921214 -227
19921228 -235
19930114 -232
19930128 -231
19930215 -238
19930301 -245
19930528 -247
19930614 -248
19930628 -246
19930714 -246
19930728 -234
19930813 -237
19930827 -239
19930914 -236
19930928 -230
19931014 -229
19931028 -236
19931129 -238
19931214 -227
19931228 -217
19940114 -222
19940128 -216
19940228 -216
19940314 -236
19940328 -233
19940428 -237
19940517 -240
19940527 -241
19940614 -241
19940628 -243
19940714 -247
19940728 -248
19940815 -256
19940914 -244
19940928 -237
19941014 -235
19941114 -235
19941128 -233
19941214 -217
19950214 -211
19950228 -206
19950314 -222
19950315 -249
19950328 -230
19950418 -233
19950427 -232
19950515 -238
19950529 -238
19950614 -239
19950628 -240
19950713 -242
19950726 -245
19950814 -251
19950828 -249
19950914 -247
19950929 -244
19951014 -241
19951027 -242
19951114 -237
19951127 -242
19951214 -247
19951228 -243
19960116 -248
19960129 -248
19960227 -242
19960314 -242
19960326 -243
19960411 -246
19960425 -249
19960514 -250
19960529 -245
19960603 -250
19960627 -253
19960715 -249
19960725 -249
19960813 -247
19960913 -243
19960927 -247
19961014 -244
19961028 -232
19961212 -233
19961230 -237
19970113 -255
19970128 -246
19970227 -232
19970313 -242
19970326 -232
19970414 -243
19970428 -243
19970528 -236
19970616 -251
19970626 -246
19970715 -240
19970724 -246
19970818 -253
19970828 -248
19970911 -246
19970929 -252
19971028 -245
19971114 -246
19971127 -245
19980128 -234
19980216 -246
19980227 -242
19980326 -235
19980513 -237
19980528 -236
19980615 -233
19980629 -233
19980714 -235
19980728 -242
19980814 -239
19980827 -242
19980928 -234
19990315 -233
19990329 -224
19990414 -231
19990428 -238
19990518 -230
19990528 -238
19990614 -246
19990630 -247
19990714 -249
19990728 -242
19990830 -246
19990914 -249
19990928 -246
19991014 -243
19991028 -245
19991115 -248
19991130 -241
20000114 -227
20000128 -232
20000229 -232
20000314 -233
20000328 -235
20000413 -238
20000427 -242
20000515 -248
20000614 -250
20000628 -246
20000713 -250
20000727 -248
20000828 -249
20000914 -244
20000927 -249
20000930 -249
20001016 -247
20010128 -221
20010214 -219
20010228 -237
20010628 -252
20010712 -250
20010726 -253
20010814 -248
20011015 -251
20011029 -256
20020328 -246
20020415 -251
20020426 -247
20020513 -255
20020528 -257
20020613 -258
20020627 -257
20020715 -244
20020729 -255
20020814 -252
20020916 -258
20020926 -257
20021014 -260
20030228 -242
20030314 -245
20030327 -246
20030415 -249
20030428 -248
20030613 -250
20030630 -253
20030714 -254
20030728 -257
20030814 -262
20030827 -255
20030929 -255
20031015 -252
20031028 -253
20031114 -254
20031128 -246
20031215 -244
20040127 -233
20040213 -232
20040227 -237
20040315 -239
20040329 -244
20040415 -245
20040428 -250
20040517 -255
20040528 -251
20040614 -258
20040628 -252
20040714 -247
20040728 -259
20040813 -266
20040914 -241
20040928 -235
20041014 -234
20041027 -245
20041115 -225
20041214 -239
20050114 -243
20050128 -240
20050228 -240
20050315 -250
20050329 -244
20050414 -245
20050513 -253
20050529 -251
20050614 -249
20050628 -252
20050714 -254
20050728 -246
20050829 -244
20050914 -248
20050928 -250
20051014 -262
20051028 -256
20051215 -243
20051228 -265
20060126 -267
20060214 -263
20060228 -247
20060314 -249
20060328 -246
20060413 -248
20060428 -259
20060512 -255
20060529 -251
20060614 -244
20060714 -261
20060728 -262
20060812 -251
20060929 -248
20061013 -247
20061027 -244
20061228 -240
20070115 -238
20070129 -236
20070314 -237
20070328 -240
20070416 -249
20070427 -250
20070514 -248
20070529 -247
20070614 -243
20070727 -226
20070815 -237
20070928 -250
20071015 -246
20071029 -251
20071128 -250
