699
2
date -9999
head -9999
19760311 -237
19760315 -233
19760329 -233
19760413 -236
19760427 -242
19760517 -250
19760609 -255
19760617 -261
19760629 -263
19760716 -245
19760728 -230
19760813 -236
19760827 -241
19760914 -233
19760928 -234
19761014 -232
19761028 -237
19761116 -237
19761129 -238
19761214 -232
19761228 -230
19770128 -227
19770228 -234
19770314 -234
19770329 -233
19770414 -235
19770429 -237
19770513 -233
19770601 -239
19770614 -233
19770628 -234
19770728 -233
19770815 -231
19770829 -231
19770914 -237
19770928 -240
19771014 -236
19771028 -236
19771129 -223
19771214 -239
19780114 -236
19780130 -235
19780314 -241
19780329 -239
19780427 -240
19780516 -239
19780531 -240
19780615 -241
19780704 -234
19780714 -238
19780728 -241
19780828 -243
19780914 -243
19781012 -240
19781024 -240
19781114 -233
19781128 -238
19781214 -230
19790116 -233
19790424 -234
19790514 -241
19790528 -241
19790615 -233
19790716 -240
19790730 -238
19790814 -239
19790827 -240
19790924 -243
19791015 -243
19791030 -245
19791114 -240
19791129 -240
19800123 -239
19800214 -241
19800228 -246
19800402 -240
19800414 -243
19800428 -244
19800514 -246
19800528 -239
19800613 -238
19800627 -233
19800711 -238
19800805 -250
19800829 -256
19800929 -258
19801014 -248
19801028 -240
19801114 -240
19801212 -243
19810128 -240
19810213 -240
19810303 -238
19810316 -223
19810327 -238
19810414 -241
19810428 -243
19810514 -249
19810527 -243
19810616 -243
19810630 -247
19810714 -250
19810728 -248
19810828 -259
19810914 -239
19810929 -246
19811014 -235
19811113 -234
19811127 -240
19820106 -238
19820128 -242
19820301 -244
19820315 -244
19820329 -246
19820415 -252
19820428 -249
19820514 -248
19820602 -252
19820614 -252
19820629 -243
19820714 -254
19820728 -255
19820813 -261
19820831 -257
19820915 -260
19820928 -257
19821028 -250
19821126 -249
19821214 -244
19830114 -242
19830126 -247
19830214 -249
19830314 -250
19830328 -245
19830414 -245
19830516 -246
19830527 -248
19830613 -253
19830628 -257
19830812 -264
19830829 -254
19830914 -255
19831014 -248
19831028 -248
19831129 -233
19831214 -235
19831228 -238
19840113 -242
19840131 -244
19840216 -247
19840228 -249
19840313 -250
19840328 -253
19840413 -252
19840427 -254
19840514 -253
19840528 -248
19840614 -249
19840628 -252
19840713 -244
19840727 -249
19840814 -259
19840828 -271
19840914 -246
19841002 -240
19841015 -245
19841029 -244
19841114 -253
19841128 -251
19841214 -255
19850114 -245
19850128 -238
19850214 -253
19850228 -253
19850314 -251
19850328 -254
19850415 -250
19850429 -255
19850514 -253
19850528 -256
19850613 -253
19850627 -244
19850715 -260
19850730 -245
19850814 -249
19850828 -248
19850913 -252
19850927 -251
19851014 -253
19851028 -256
19851128 -250
19851213 -251
19860114 -241
19860128 -247
19860214 -252
19860303 -256
19860314 -253
19860414 -255
19860514 -256
19860529 -262
19860627 -259
19860714 -260
19860728 -254
19860828 -251
19860915 -252
19860929 -258
19861014 -257
19861028 -245
19861114 -250
19861201 -247
19861215 -252
19870128 -247
19870216 -252
19870302 -253
19870316 -251
19870327 -247
19870414 -255
19870428 -256
19870514 -250
19870527 -252
19870615 -256
19870629 -251
19870714 -253
19870728 -242
19870814 -244
19870828 -244
19870914 -246
19870928 -246
19871014 -246
19871028 -249
19871113 -249
19871127 -248
19871214 -255
19871228 -254
19880114 -250
19880128 -242
19880212 -242
19880229 -253
19880314 -251
19880328 -244
19880414 -252
19880428 -253
19880513 -255
19880527 -262
19880614 -256
19880628 -266
19880714 -249
19880728 -249
19880815 -254
19880829 -245
19880914 -251
19880928 -250
19881014 -248
19881028 -253
19881114 -255
19881128 -256
19881214 -254
19881228 -253
19890113 -255
19890127 -256
19890214 -262
19890228 -255
19890314 -254
19890328 -251
19890414 -252
19890428 -254
19890516 -255
19890529 -268
19890614 -251
19890628 -252
19890714 -249
19890728 -255
19890814 -253
19890828 -253
19890914 -249
19890928 -251
19891013 -250
19891027 -252
19891114 -253
19891128 -257
19891214 -249
19891228 -253
19900115 -255
19900129 -249
19900215 -242
19900228 -247
19900314 -252
19900328 -255
19900413 -257
19900427 -256
19900515 -256
19900528 -264
19900614 -266
19900628 -269
19900713 -266
19900727 -277
19900914 -254
19900928 -247
19901015 -254
19901029 -254
19901128 -253
19901214 -255
19901228 -250
19910128 -256
19910214 -257
19910228 -253
19910314 -257
19910328 -257
19910415 -263
19910426 -259
19910514 -261
19910528 -263
19910614 -256
19910628 -239
19910715 -250
19910729 -253
19910814 -257
19910828 -257
19910913 -263
19910927 -252
19911014 -253
19911028 -253
19911114 -243
19911128 -250
19911213 -255
19920114 -258
19920128 -265
19920214 -257
19920228 -257
19920313 -251
19920327 -253
19920414 -253
19920428 -254
19920514 -253
19920520 -255
19920527 -255
19920615 -258
19920629 -271
19920714 -263
19920728 -270
19920814 -261
19920828 -247
19920914 -250
19920928 -254
19921014 -255
19921028 -239
19921113 -248
19921127 -245
19921214 -247
19921228 -253
19930114 -248
19930128 -253
19930215 -255
19930301 -254
19930315 -257
19930329 -255
19930414 -254
19930428 -257
19930514 -266
19930528 -265
19930614 -264
19930628 -263
19930714 -264
19930728 -244
19930813 -257
19930827 -259
19930914 -256
19930928 -246
19931014 -243
19931028 -253
19931115 -249
19931129 -253
19931214 -252
19931228 -247
19940114 -248
19940128 -248
19940228 -258
19940314 -257
19940328 -252
19940428 -258
19940517 -256
19940527 -256
19940530 -259
19940614 -253
19940628 -261
19940714 -266
19940728 -249
19940815 -250
19940914 -245
19940928 -252
19941014 -253
19941114 -253
19941128 -257
19941214 -252
19941228 -250
19950113 -245
19950130 -241
19950214 -249
19950228 -254
19950314 -252
19950328 -255
19950418 -254
19950427 -257
19950515 -256
19950529 -258
19950614 -253
19950628 -261
19950713 -257
19950726 -253
19950814 -263
19950828 -255
19950914 -249
19950929 -241
19951014 -242
19951027 -248
19951114 -256
19951127 -258
19951214 -254
19951228 -254
19960116 -254
19960129 -262
19960213 -252
19960227 -250
19960314 -253
19960326 -253
19960411 -254
19960425 -259
19960514 -257
19960529 -253
19960603 -257
19960627 -267
19960715 -261
19960725 -269
19960813 -260
19960828 -257
19960913 -256
19960927 -257
19961014 -253
19961028 -250
19961114 -250
19961128 -248
19961212 -252
19961230 -251
19970113 -258
19970128 -252
19970213 -247
19970227 -255
19970313 -255
19970326 -253
19970414 -256
19970428 -255
19970514 -255
19970528 -253
19970616 -260
19970626 -253
19970715 -254
19970724 -252
19970818 -268
19970828 -257
19970911 -257
19970929 -258
19971014 -248
19971028 -255
19971114 -253
19971127 -254
19971215 -247
19971229 -236
19980114 -263
19980128 -260
19980129 -236
19980216 -266
19980227 -263
19980313 -256
19980326 -259
19980414 -258
19980428 -256
19980513 -259
19980528 -253
19980615 -252
19980629 -252
19980714 -254
19980728 -257
19980814 -260
19980827 -254
19980914 -253
19980928 -258
19981013 -256
19981028 -243
19981113 -258
19981130 -260
19981215 -255
19981228 -259
19990112 -261
19990127 -258
19990216 -263
19990301 -250
19990315 -265
19990329 -263
19990414 -262
19990428 -263
19990518 -262
19990528 -264
19990614 -267
19990630 -265
19990714 -267
19990728 -270
19990830 -260
19990914 -255
19990928 -259
19991014 -265
19991028 -263
19991115 -267
19991130 -267
19991214 -257
19991228 -255
20000114 -267
20000214 -266
20000229 -265
20000314 -267
20000328 -269
20000413 -268
20000427 -271
20000515 -265
20000529 -255
20000614 -259
20000628 -260
20000713 -255
20000727 -259
20000814 -261
20000828 -261
20000914 -261
20000927 -256
20001016 -259
20001030 -261
20001113 -248
20001214 -261
20001228 -263
20010115 -266
20010128 -264
20010214 -264
20010228 -264
20010314 -267
20010328 -266
20010426 -261
20010514 -262
20010528 -262
20010614 -262
20010628 -269
20010712 -255
20010726 -257
20010814 -252
20010827 -255
20010913 -251
20010927 -245
20011015 -262
20011029 -263
20011114 -262
20011128 -260
20011213 -262
20011227 -259
20020114 -258
20020128 -256
20020214 -253
20020227 -251
20020314 -263
20020328 -257
20020415 -260
20020426 -263
20020513 -259
20020528 -255
20020613 -258
20020627 -248
20020715 -248
20020729 -259
20020814 -252
20020916 -257
20020926 -255
20021014 -257
20021028 -259
20021114 -262
20021128 -263
20021216 -258
20021230 -255
20030114 -259
20030128 -265
20030215 -259
20030228 -260
20030314 -267
20030327 -264
20030415 -267
20030428 -258
20030513 -254
20030514 -254
20030528 -249
20030613 -266
20030630 -267
20030714 -267
20030728 -275
20030814 -280
20030827 -268
20030929 -267
20031015 -254
20031028 -259
20031114 -259
20031128 -261
20031215 -261
20040113 -258
20040127 -261
20040213 -264
20040227 -264
20040315 -263
20040329 -263
20040415 -268
20040428 -264
20040517 -258
20040528 -260
20040614 -259
20040628 -257
20040714 -257
20040728 -257
20040813 -262
20040830 -250
20040914 -257
20040928 -260
20041014 -260
20041027 -264
20041115 -264
20041129 -259
20041214 -259
20041228 -261
20041229 -260
20050114 -257
20050128 -258
20050214 -256
20050228 -262
20050315 -263
20050329 -263
20050414 -264
20050428 -266
20050513 -267
20050529 -269
20050614 -262
20050628 -267
20050714 -259
20050728 -257
20050812 -256
20050829 -261
20050914 -259
20050928 -260
20051014 -263
20051028 -264
20051115 -266
20051128 -253
20051215 -265
20051228 -255
20060116 -263
20060126 -265
20060214 -267
20060228 -262
20060314 -263
20060328 -261
20060413 -263
20060428 -276
20060512 -281
20060529 -275
20060614 -276
20060714 -273
20060728 -275
20060812 -269
20060828 -270
20060929 -279
20061013 -280
20061027 -279
20061114 -274
20061128 -279
20061214 -272
20061228 -271
20070115 -274
20070129 -272
20070214 -274
20070228 -273
20070314 -275
20070328 -278
20070416 -266
20070427 -275
20070514 -273
20070529 -272
20070614 -272
20070629 -264
20070713 -266
20070727 -272
20070815 -271
20070928 -273
20071015 -276
20071029 -281
20071114 -277
20071128 -278
20071214 -273
20071228 -272
