388
2
date -9999
head -9999
19510602 -635
19510607 -637
19510616 -636
19510623 -629
19510630 -630
19510707 -633
19510714 -631
19510721 -633
19510728 -629
19510804 -621
19510811 -619
19510818 -621
19510825 -616
19510901 -619
19510908 -623
19510915 -626
19510922 -624
19510929 -624
19511006 -625
19511013 -625
19511020 -626
19511027 -622
19511103 -623
19511110 -623
19511117 -621
19511124 -620
19511201 -618
19511208 -617
19511215 -615
19511222 -614
19511229 -616
19520105 -617
19520112 -618
19520119 -620
19520126 -622
19520202 -622
19520209 -621
19520216 -620
19520223 -622
19520301 -623
19520308 -625
19520315 -627
19520322 -622
19520329 -620
19520405 -620
19520412 -619
19520419 -618
19520426 -621
19520503 -626
19520510 -628
19520517 -630
19520524 -632
19520531 -631
19520607 -629
19520614 -631
19520621 -631
19520628 -630
19520705 -625
19520712 -628
19520719 -630
19520725 -631
19520802 -629
19520808 -627
19521018 -627
19521025 -624
19521101 -625
19521108 -624
19521115 -623
19521122 -623
19521129 -621
19521206 -621
19521213 -619
19521220 -619
19521227 -618
19530103 -619
19530110 -618
19530117 -618
19530124 -618
19530131 -620
19530207 -622
19530214 -622
19530221 -623
19530228 -623
19530307 -623
19530314 -622
19530328 -618
19530414 -614
19530428 -615
19530515 -621
19530528 -626
19530615 -616
19530629 -617
19530714 -615
19530728 -604
19530814 -618
19530828 -605
19530914 -618
19530928 -621
19531014 -626
19531028 -624
19531114 -622
19531128 -621
19531214 -619
19531228 -611
19540114 -603
19540528 -623
19540628 -626
19540714 -627
19540728 -611
19540814 -617
19540828 -620
19540914 -613
19541014 -615
19541028 -621
19541115 -613
19541214 -611
19541228 -612
19550114 -613
19550128 -613
19550214 -615
19550314 -618
19550328 -618
19550414 -621
19550428 -623
19550516 -622
19550528 -622
19550614 -620
19550628 -629
19550713 -626
19550728 -623
19550815 -616
19550829 -618
19550914 -621
19550928 -622
19551014 -618
19551028 -617
19551114 -618
19551128 -618
19551214 -616
19551228 -613
19560314 -630
19560328 -629
19560418 -629
19560501 -626
19560515 -623
19560528 -618
19560614 -616
19560628 -622
19560714 -618
19560728 -616
19560814 -604
19560828 -598
19560914 -606
19560928 -614
19561015 -611
19561029 -600
19561114 -603
19561128 -603
19561214 -605
19561228 -613
19570114 -604
19570128 -605
19570214 -601
19570228 -612
19570314 -617
19570328 -602
19570415 -616
19570429 -616
19570514 -608
19570531 -614
19570614 -617
19570628 -680
19570715 -633
19570729 -625
19570814 -630
19570828 -625
19570914 -611
19570928 -621
19571014 -627
19571028 -626
19571114 -627
19571202 -629
19571214 -626
19571228 -630
19580114 -626
19580128 -626
19580214 -626
19580228 -623
19580314 -624
19580328 -631
19580414 -630
19580428 -628
19580528 -628
19580614 -633
19580628 -621
19580714 -627
19580728 -627
19580814 -628
19580828 -625
19580915 -628
19580929 -623
19581014 -611
19581028 -625
19581114 -625
19581128 -628
19581215 -611
19581229 -615
19590128 -615
19590214 -629
19590228 -623
19590314 -627
19590328 -623
19590414 -625
19590428 -627
19590514 -630
19590528 -633
19590613 -633
19590629 -634
19590714 -632
19590728 -636
19590828 -630
19590914 -633
19590928 -631
19591014 -634
19591028 -630
19591114 -627
19591128 -626
19591214 -633
19591228 -629
19600128 -631
19600215 -628
19600229 -628
19600314 -631
19600328 -631
19600414 -631
19600428 -633
19600514 -636
19600528 -628
19600614 -628
19600628 -634
19600714 -625
19600728 -628
19600813 -624
19600829 -622
19600914 -621
19600928 -621
19601028 -611
19601128 -608
19601214 -611
19601228 -613
19610114 -614
19610128 -615
19610214 -616
19610228 -611
19610314 -622
19610328 -622
19610414 -617
19610428 -610
19610515 -622
19610529 -627
19610614 -623
19610628 -626
19610714 -625
19610728 -621
19610814 -624
19610828 -627
19610914 -610
19610928 -617
19611014 -621
19611028 -612
19611114 -619
19611128 -620
19611214 -609
19620115 -613
19620129 -615
19620214 -614
19620228 -624
19620314 -624
19620328 -625
19620414 -621
19620428 -624
19620514 -627
19620528 -623
19620614 -628
19620628 -628
19620714 -623
19620728 -621
19620814 -620
19620828 -622
19620914 -621
19620928 -616
19621015 -619
19621029 -611
19621114 -613
19621128 -619
19621214 -611
19630314 -619
19630328 -621
19630414 -626
19630430 -623
19630528 -632
19630614 -628
19630715 -627
19630729 -632
19630814 -622
19630827 -618
19630913 -620
19630927 -620
19631014 -620
19631028 -625
19631114 -622
19631128 -619
19631213 -628
19640114 -626
19640128 -627
19640214 -625
19640228 -626
19640313 -631
19640327 -626
19640414 -626
19640429 -626
19640514 -633
19640527 -641
19640615 -636
19640629 -636
19640714 -635
19640729 -637
19640814 -627
19640828 -634
19640914 -631
19640928 -630
19641014 -626
19641028 -627
19641113 -629
19641127 -629
19641214 -622
19650114 -623
19650128 -628
19650215 -632
19650301 -633
19650316 -631
19650329 -628
19650414 -629
19650428 -629
19650514 -630
19650614 -634
19650628 -636
19650714 -622
19650803 -628
19650813 -634
19650827 -623
19650914 -628
19650928 -631
19651014 -631
19651028 -631
19651115 -632
19651129 -620
19651214 -620
19651228 -625
19660114 -635
19660128 -624
19660228 -625
19660314 -627
19660328 -624
19660418 -624
19660428 -627
19660513 -630
19660528 -632
19660614 -630
19660628 -620
19660714 -628
19660728 -628
19660815 -625
19660829 -630
19660914 -630
19660928 -628
19661014 -627
19661031 -628
19661114 -621
19661128 -616
19661214 -616
19661228 -646
19670113 -618
19670127 -619
19670214 -625
19670228 -615
19670314 -623
19670414 -621
