65
2
date -9999
head -9999
19521128 -144
19521219 -134
19521229 -136
19530114 -166
19530129 -182
19530214 -137
19530228 -168
19530314 -189
19530328 -196
19530414 -143
19530427 -184
19530515 -203
19530529 -215
19530615 -181
19530629 -202
19530714 -207
19530728 -193
19530817 -222
19530828 -199
19530914 -214
19530928 -205
19531015 -214
19531027 -172
19531114 -215
19531128 -213
19531214 -211
19531228 -169
19540114 -157
19540215 -177
19540315 -176
19540329 -190
19540414 -199
19540428 -210
19540514 -219
19540528 -222
19540614 -221
19540714 -218
19540728 -152
19540814 -157
19540827 -162
19540914 -192
19540928 -146
19541013 -172
19541028 -134
19541115 -141
19541129 -149
19541214 -152
19550329 -175
19550412 -179
19550429 -202
19550516 -205
19550528 -209
19550615 -217
19550628 -229
19550715 -236
19550729 -219
19550816 -220
19550830 -231
19550914 -225
19550927 -230
19551015 -215
19551028 -142
19551114 -212
19551128 -201
19551213 -178
