86
2
date -9999
head -9999
19521229 -190
19530428 -218
19530827 -189
19531014 -230
19531214 -217
19540428 -235
19540826 -192
19541014 -199
19541214 -192
19550428 -233
19550829 -229
19551013 -194
19560501 -233
19590428 -220
19590828 -244
19591014 -241
19600428 -238
19600829 -209
19601014 -206
19601214 -211
19610428 -219
19610828 -217
19611013 -225
19611214 -211
19620427 -218
19620828 -227
19621015 -227
19621214 -213
19630429 -227
19630828 -206
19631014 -223
19631213 -215
19640428 -217
19640828 -227
19641020 -211
19641214 -211
19650428 -217
19650827 -223
19651014 -225
19651214 -222
19660428 -223
19660829 -225
19661014 -211
19661228 -214
19670428 -227
19670828 -233
19671013 -211
19671214 -206
19680429 -236
19680828 -219
19691014 -193
19700428 -181
19700914 -194
19701014 -188
19701228 -176
19710428 -183
19710827 -186
19711014 -186
19711214 -179
19720428 -186
19720828 -184
19721013 -186
19721214 -166
19730427 -180
19730828 -187
19731015 -176
19731214 -176
19740429 -166
19740828 -164
19741014 -146
19741213 -141
19750428 -142
19750828 -163
19751014 -159
19751215 -146
19760428 -165
19760827 -172
19761019 -159
19761214 -154
19770505 -157
19770831 -146
19771014 -157
19771228 -141
19780428 -154
19780828 -166
19781013 -154
