135
2
date -9999
head -9999
19640929 -458
19641014 -455
19641029 -455
19641113 -452
19641128 -453
19641215 -451
19641229 -452
19650101 -453
19650114 -456
19650128 -455
19650218 -457
19650303 -458
19650401 -459
19650415 -459
19650429 -456
19650515 -454
19650530 -456
19650615 -456
19650629 -459
19650715 -455
19650804 -455
19650814 -459
19650828 -455
19650916 -456
19650929 -459
19651016 -459
19651028 -460
19651115 -459
19651129 -451
19651215 -451
19651229 -465
19651231 -463
19660115 -451
19660128 -455
19660215 -455
19660301 -454
19660315 -456
19660329 -456
19660419 -455
19660429 -457
19660514 -460
19660529 -461
19660615 -462
19660629 -455
19660715 -456
19660729 -454
19660817 -457
19660830 -460
19660916 -459
19660930 -458
19661101 -459
19661201 -452
19661215 -448
19661228 -446
19670101 -448
19680115 -451
19680129 -453
19680214 -454
19680228 -456
19680314 -456
19680328 -458
19680417 -459
19680429 -460
19680514 -459
19680531 -461
19680614 -464
19680628 -462
19680715 -461
19680729 -462
19680814 -455
19680828 -459
19680913 -461
19680930 -454
19681014 -455
19681028 -457
19681114 -458
19681128 -458
19681216 -457
19681230 -460
19690114 -455
19690128 -456
19690214 -455
19690228 -455
19690314 -454
19690331 -456
19690414 -458
19690428 -458
19690514 -461
19690529 -461
19690613 -463
19690627 -466
19690714 -462
19690728 -464
19690814 -469
19690828 -460
19690915 -464
19690929 -465
19691014 -467
19691028 -467
19691117 -463
19691128 -461
19691215 -461
19691229 -460
19700114 -459
19700128 -460
19700213 -462
19700302 -460
19700316 -463
19700331 -462
19700414 -462
19700428 -461
19700514 -465
19700528 -466
19700615 -470
19700629 -469
19700714 -464
19700728 -464
19700814 -468
19700831 -470
19700914 -468
19700928 -468
19701014 -467
19701102 -460
19701113 -459
19701127 -461
19701215 -460
19701228 -460
19710114 -462
19710202 -460
19710215 -456
19710301 -461
19710315 -458
19710329 -459
19710421 -451
19710503 -423
