150
2
date -9999
head -9999
19640214 -204
19640228 -214
19640313 -218
19640329 -211
19640414 -213
19640428 -210
19640514 -219
19640528 -222
19640615 -225
19640629 -223
19640714 -236
19640728 -242
19640814 -231
19640914 -231
19640928 -233
19641014 -220
19641017 -197
19641028 -204
19641114 -199
19641128 -205
19641214 -193
19641228 -219
19650114 -196
19650128 -207
19650215 -207
19650301 -220
19650315 -215
19650329 -203
19650414 -213
19650428 -201
19650514 -203
19650528 -222
19650614 -232
19650714 -212
19650814 -237
19650828 -208
19650928 -235
19651014 -237
19651028 -237
19651115 -232
19651129 -199
19651214 -188
19651228 -196
19660114 -226
19660128 -196
19660214 -198
19660314 -212
19660328 -202
19660414 -200
19660428 -214
19660514 -226
19660528 -231
19660614 -237
19660714 -222
19660728 -200
19660914 -223
19660928 -225
19661014 -221
19661028 -222
19661114 -205
19661128 -199
19661214 -197
19661228 -200
19670114 -207
19670128 -204
19670214 -219
19670302 -205
19670314 -222
19670328 -200
19670414 -209
19670428 -231
19670516 -212
19670529 -225
19670614 -232
19670628 -242
19670714 -244
19670728 -247
19670814 -226
19670828 -222
19670914 -221
19670928 -221
19671014 -207
19671028 -202
19671128 -208
19671214 -205
19680115 -202
19680129 -205
19680214 -206
19680228 -216
19680416 -228
19680429 -233
19680514 -211
19680528 -225
19680614 -236
19680628 -211
19680715 -209
19680729 -232
19680814 -206
19680828 -230
19680914 -233
19680928 -203
19681014 -199
19681028 -207
19681114 -213
19681128 -207
19681214 -219
19681230 -205
19690114 -199
19690128 -203
19690214 -203
19690228 -204
19690314 -191
19690328 -224
19690414 -219
19690428 -212
19690514 -209
19690528 -225
19690614 -229
19690628 -241
19690728 -247
19690814 -249
19690828 -214
19690915 -225
19690929 -234
19691014 -241
19691028 -242
19691114 -212
19691128 -212
19691215 -214
19691229 -217
19700114 -208
19700128 -210
19700214 -209
19700314 -213
19700328 -215
19700414 -216
19700428 -217
19700514 -231
19700528 -233
19700615 -228
19700629 -223
19700728 -217
19700814 -224
19700828 -244
19700914 -250
19700928 -247
19701014 -227
19720515 -224
19720529 -212
19720628 -243
