226
2
date -9999
head -9999
19610515 -159
19610529 -159
19610614 -159
19610628 -156
19610714 -157
19610728 -157
19610814 -161
19610828 -162
19610915 -154
19610929 -157
19611014 -163
19611028 -144
19611114 -155
19611202 -130
19611214 -129
19620105 -153
19620115 -149
19620129 -144
19620215 -148
19620228 -161
19620314 -159
19620328 -165
19620416 -159
19620501 -161
19620514 -163
19620528 -162
19620614 -163
19620628 -161
19620713 -163
19620730 -158
19620814 -156
19620828 -162
19620914 -164
19620929 -166
19621015 -167
19621028 -157
19621114 -165
19621128 -166
19621215 -143
19621229 -159
19630314 -148
19630328 -152
19630416 -155
19630429 -153
19630514 -161
19630528 -162
19630614 -169
19630628 -167
19630715 -169
19630728 -169
19630815 -165
19630829 -157
19630917 -166
19631002 -165
19631014 -163
19631030 -168
19631118 -148
19631130 -164
19631228 -166
19640528 -147
19640615 -152
19640628 -150
19640714 -156
19640814 -156
19640828 -155
19640914 -156
19640928 -157
19641014 -154
19641028 -147
19641116 -150
19641126 -150
19641214 -140
19641229 -152
19650114 -147
19650128 -149
19650215 -152
19650301 -155
19650315 -152
19650329 -167
19650416 -162
19650428 -160
19650514 -151
19650528 -161
19650614 -167
19650628 -170
19650714 -163
19650801 -169
19650814 -179
19650828 -173
19650914 -176
19650928 -177
19651014 -180
19651028 -182
19651115 -185
19651214 -123
19651228 -143
19660114 -158
19660128 -155
19660215 -154
19660301 -157
19660330 -159
19660414 -152
19660428 -157
19660513 -168
19660528 -173
19660614 -178
19660629 -161
19660714 -170
19660802 -149
19660815 -163
19660829 -173
19660914 -191
19660928 -179
19661014 -177
19661031 -177
19661114 -172
19661129 -139
19661214 -112
19661228 -147
19670116 -166
19670130 -159
19670214 -167
19670228 -149
19670314 -166
19670328 -173
19670414 -166
19670428 -174
19670516 -170
19670529 -164
19670615 -169
19670629 -178
19670717 -179
19670728 -181
19670815 -182
19670914 -186
19670928 -176
19671014 -173
19671028 -179
19671115 -165
19671130 -143
19671214 -150
19680115 -143
19680128 -154
19680217 -161
19680228 -166
19680314 -170
19680328 -171
19680416 -170
19680501 -173
19680514 -168
19680529 -168
19680614 -173
19680628 -173
19680715 -172
19680729 -178
19680814 -159
19680828 -171
19680913 -172
19680930 -149
19681014 -144
19681028 -163
19681114 -164
19681128 -167
19681213 -173
19690114 -168
19690128 -160
19690228 -155
19690314 -160
19690328 -172
19690414 -173
19690428 -177
19690514 -178
19690528 -176
19690613 -175
19690627 -175
19690715 -176
19690728 -174
19690814 -174
19690828 -168
19690915 -174
19690929 -175
19691014 -178
19691114 -173
19691128 -172
19691215 -173
19691229 -164
19700114 -173
19700128 -174
19700227 -173
19700313 -170
19700326 -173
19700414 -166
19700428 -171
19700514 -174
19700528 -172
19700615 -171
19700629 -170
19700714 -172
19700728 -174
19700816 -170
19700907 -174
19700914 -172
19700928 -174
19701028 -170
19701113 -172
19701127 -169
19701214 -177
19701228 -176
19710114 -186
19710128 -174
19710215 -180
19710301 -176
19710315 -186
19710328 -182
19710414 -186
19710428 -179
19710514 -166
19710528 -176
19710614 -186
19710628 -188
19710714 -179
19710728 -186
19710813 -182
19710827 -186
19710914 -188
19710928 -185
